time,headset_vel.x,headset_vel.y,headset_vel.z,headset_angularVel.x,headset_angularVel.y,headset_angularVel.z,headset_pos.x,headset_pos.y,headset_pos.z,headset_rot.x,headset_rot.y,headset_rot.z,controller_left_vel.x,controller_left_vel.y,controller_left_vel.z,controller_left_angularVel.x,controller_left_angularVel.y,controller_left_angularVel.z,controller_left_pos.x,controller_left_pos.y,controller_left_pos.z,controller_left_rot.x,controller_left_rot.y,controller_left_rot.z,controller_right_vel.x,controller_right_vel.y,controller_right_vel.z,controller_right_angularVel.x,controller_right_angularVel.y,controller_right_angularVel.z,controller_right_pos.x,controller_right_pos.y,controller_right_pos.z,controller_right_rot.x,controller_right_rot.y,controller_right_rot.z
0.434,-0.0132384,-0.01249618,0.07938337,-0.1537666,-0.07523518,-0.1149834,0.1647395,0.4874769,0.3079839,7.551921,348.1558,357.7877,0.5255654,-0.4976509,-1.245922,-0.6830086,3.357646,0.8773577,-0.300619,-0.1537825,0.09000679,25.17133,230.4337,310.3976,0.2568474,0.2192897,-0.3919057,0.6349234,-0.4392239,-0.07576083,0.5449288,0.8105423,0.492196,305.3879,75.08267,1.359076,
14.691,-0.01367462,-0.01055902,0.07176208,-0.148221,-0.09402599,-0.1223163,0.1644239,0.4874109,0.3087146,7.672124,348.2823,357.8376,0.49121,-0.3952304,-1.152882,-1.172375,3.022766,1.057967,-0.2970313,-0.1562528,0.07882565,25.32762,227.5262,310.0269,0.2057944,0.1837685,-0.2997383,0.5928795,-0.4555821,0.2942702,0.5459112,0.8123522,0.4906676,305.6521,74.71809,2.677118,
26.71,-0.01487571,-0.00854572,0.06331876,-0.1188285,-0.09365486,-0.1114834,0.1641988,0.4873427,0.3092939,7.718231,348.351,357.8794,0.4439418,-0.296245,-1.040176,-1.629343,2.678838,1.087538,-0.2941408,-0.1577039,0.06976675,25.35123,224.8128,310.1012,0.1519131,0.1524481,-0.2223399,0.4369123,-0.3862131,0.4386146,0.5462493,0.8137479,0.4892163,305.8217,74.17461,3.679489,
40.362,-0.01578158,-0.006722669,0.0528569,-0.09734093,-0.08353525,-0.08832361,0.1640047,0.4872893,0.3096163,7.768676,348.3949,357.8658,0.3808291,-0.2139935,-0.8992183,-1.827843,2.283949,1.063282,-0.2927314,-0.1584883,0.06304412,25.55547,222.6348,310.3141,0.08891286,0.1319307,-0.1624805,0.2020836,-0.2925602,0.3499168,0.5456934,0.8150597,0.4882141,305.7067,73.71147,4.077762,
54.131,-0.01536794,-0.004712005,0.03987261,-0.1040969,-0.0705158,-0.05355794,0.1638623,0.4873715,0.309721,7.86932,348.4159,357.7937,0.3021251,-0.1451978,-0.7354969,-1.784859,1.807456,1.009124,-0.2917406,-0.1581285,0.05884682,25.94182,221.1989,310.6715,0.03176969,0.1142322,-0.1119862,-0.03964894,-0.1439333,0.1660255,0.5449405,0.8156199,0.4877451,305.5122,73.27077,4.011254,
68.365,-0.0144543,-0.002876187,0.02652109,-0.09744135,-0.05634813,-0.01915979,0.1636616,0.4874745,0.3097233,7.896918,348.416,357.7309,0.2086788,-0.07849666,-0.5618876,-1.573084,1.29952,0.8511189,-0.2927672,-0.157494,0.05613817,26.21503,220.5175,311.1344,-0.004783073,0.09582637,-0.06158762,-0.05208237,0.00941705,0.08917247,0.5442046,0.8169599,0.4886169,305.6694,73.2019,3.810007,
82.318,-0.01288079,-0.0003613746,0.01384717,-0.05911996,-0.02051571,-0.01571612,0.1634793,0.4874529,0.3100818,7.880867,348.3727,357.7927,0.1085262,-0.01469338,-0.3904877,-1.279028,0.8265784,0.6586121,-0.2940581,-0.1555719,0.056042,26.38219,220.3875,311.6364,-0.04149072,0.07682767,-0.008420076,-0.09574717,0.121139,0.06679295,0.5418299,0.8170194,0.4896934,305.8287,72.931,3.785826,
95.874,-0.01187242,0.00304444,0.002330936,-0.009371057,0.02253827,-0.02050113,0.1633475,0.4875806,0.3097426,7.80831,348.2868,357.865,0.005599767,0.04898441,-0.2178174,-0.9049098,0.3236038,0.3407618,-0.2963556,-0.1534761,0.05767071,26.21597,221.0345,312.2701,-0.08967975,0.05107179,0.05772406,-0.2276767,0.1847292,0.06847851,0.5397714,0.8172876,0.4923908,305.8524,72.26862,4.024495,
110.225,-0.01106996,0.006516879,-0.008366076,0.04369494,0.0703361,-0.007479109,0.1632187,0.4877568,0.3092813,7.699135,348.1597,357.9008,-0.07621569,0.08984485,-0.07470647,-0.5658697,-0.04041445,0.1524325,-0.2993576,-0.1514193,0.06037292,26.16605,221.8173,312.7697,-0.1316158,0.02383163,0.1239959,-0.3627017,0.2247419,0.1366927,0.5363408,0.8160363,0.4953058,305.9034,71.29486,4.590138,
124.033,-0.009897398,0.008700806,-0.01654373,0.07265275,0.1038174,0.008113674,0.1631957,0.4879909,0.3084646,7.617778,348.0248,357.9237,-0.1634097,0.1223781,0.08683413,-0.2024199,-0.4254344,0.06842197,-0.3034981,-0.1487082,0.06577287,26.33002,223.09,313.3081,-0.1692099,-0.009652672,0.1957959,-0.4864433,0.2334602,0.2642878,0.5339579,0.8151881,0.4997113,306.0197,70.01379,5.539312,
137.674,-0.008060639,0.009302774,-0.02508248,0.07939309,0.1236952,0.03825393,0.1631184,0.4880427,0.3079129,7.536041,347.8932,357.873,-0.2414295,0.1547946,0.2487281,0.03233323,-0.936018,-0.05656807,-0.3073961,-0.1454166,0.07299009,26.40045,225.0283,314.389,-0.1947761,-0.04961047,0.2743884,-0.4953911,0.287637,0.5309548,0.5298245,0.8135372,0.5049545,306.5718,68.62348,6.851461,
151.798,-0.006431728,0.007996883,-0.03214578,0.06108172,0.1263248,0.06940143,0.1630457,0.4880449,0.3072591,7.495887,347.7786,357.7824,-0.3026265,0.1796737,0.3975021,0.2364569,-1.335195,-0.1251939,-0.3123832,-0.1425695,0.08098097,26.54004,227.1275,315.4797,-0.2410932,-0.09051089,0.3315487,-0.8017126,0.2990465,0.4212027,0.5258101,0.8106707,0.5098049,306.4073,66.78861,7.833011,
165.788,-0.004447829,0.004326567,-0.0399502,0.02423379,0.1227672,0.0871402,0.1630418,0.487997,0.3064903,7.526956,347.6703,357.6973,-0.3459225,0.2054289,0.5288191,0.4240969,-1.540619,-0.2678987,-0.3167365,-0.1388092,0.09100287,26.45672,229.1418,316.2567,-0.278691,-0.1353052,0.3915242,-1.006799,0.3985289,0.3915892,0.5217757,0.8075117,0.5162603,306.5084,64.86716,8.825275,
179.457,-0.002658153,0.0001546517,-0.04676919,-0.02142841,0.1128989,0.08850765,0.1630994,0.4878601,0.3056422,7.590711,347.5717,357.606,-0.3750939,0.2325503,0.6447071,0.474238,-1.696396,-0.3767748,-0.3217652,-0.1350438,0.1017188,26.27948,231.1053,317.135,-0.3054572,-0.1853851,0.4546539,-1.185065,0.55904,0.4006748,0.517167,0.8035277,0.5231438,306.8288,62.72648,9.833556,
193.656,-0.001144387,-0.004322952,-0.05317039,-0.06157307,0.1013605,0.07719199,0.1630826,0.4877759,0.3047181,7.690617,347.4984,357.5394,-0.3918888,0.2619753,0.7480617,0.3748569,-1.848315,-0.3941193,-0.3262048,-0.1305464,0.1137299,26.07213,233.0285,318.317,-0.3161719,-0.2415814,0.5108746,-1.202324,0.723297,0.4325411,0.5129538,0.7988078,0.5308559,307.3932,60.9668,10.5664,
207.548,0.0004263576,-0.007797732,-0.05920901,-0.08476373,0.09997067,0.05497681,0.1631127,0.4876209,0.3037233,7.770521,347.4152,357.5199,-0.3948433,0.2907942,0.8425387,0.2110866,-1.986696,-0.2863587,-0.3306412,-0.1258398,0.1265898,25.95481,234.909,319.7797,-0.3205197,-0.3004759,0.561614,-1.184018,0.8942552,0.4574049,0.5085005,0.7932692,0.5389647,308.1026,59.35413,11.08812,
221.245,0.001377322,-0.01018892,-0.06439774,-0.09765815,0.08919357,0.03890675,0.1631847,0.4874334,0.3026785,7.858077,347.3605,357.4711,-0.3852088,0.3179383,0.932366,0.03453648,-2.12696,-0.06046727,-0.3345537,-0.1205915,0.1406731,25.99429,236.8147,321.5431,-0.3381459,-0.3664229,0.6093128,-1.204534,0.956426,0.4178331,0.5033605,0.7863741,0.5477234,308.6107,57.74649,11.61025,
234.932,0.002508238,-0.012608,-0.06982522,-0.10379,0.07212248,0.02933387,0.1632802,0.4871595,0.3015664,7.928915,347.3368,357.4257,-0.3709228,0.345325,1.008807,-0.1206473,-2.275062,0.1371237,-0.3381888,-0.1150628,0.1551649,25.9663,238.8735,323.5037,-0.3600861,-0.4176767,0.6431451,-1.303689,0.9700489,0.3742909,0.4982266,0.7793127,0.5564314,309.0211,55.84507,12.34951,
249.07,0.003300006,-0.01492096,-0.07494371,-0.1151507,0.04695168,0.0207525,0.1634309,0.4868533,0.3003461,8.035678,347.3314,357.366,-0.348111,0.3822836,1.097002,-0.2604271,-2.429625,0.2833783,-0.3412336,-0.1089977,0.1713714,25.77581,241.0913,325.5965,-0.3862648,-0.4911981,0.6794881,-1.376063,1.067258,0.3054124,0.4925784,0.7704758,0.5657394,309.5039,53.98143,12.85414,
262.988,0.003892541,-0.01749562,-0.08049543,-0.1422777,0.01619161,0.008418465,0.163449,0.4865387,0.2990714,8.19161,347.3788,357.3053,-0.3173762,0.4122967,1.187074,-0.2312924,-2.541371,0.413643,-0.343651,-0.1026221,0.1886806,25.69131,243.4521,327.5046,-0.4036573,-0.561582,0.7067755,-1.392968,1.350317,0.2533662,0.4868988,0.7611212,0.5750473,310.3027,52.25329,12.8443,
276.675,0.004454836,-0.02071511,-0.08651273,-0.1733045,-0.01249601,-0.01045377,0.1634629,0.4861415,0.297736,8.378351,347.4455,357.2614,-0.2771308,0.4446642,1.271737,-0.1188378,-2.551665,0.4639505,-0.3454938,-0.09547069,0.207008,25.62523,245.705,329.0672,-0.4158248,-0.6269896,0.7221852,-1.346224,1.707386,0.1631254,0.4810725,0.7508744,0.5842073,311.24,50.75046,12.2609,
290.793,0.004609741,-0.02465017,-0.09249094,-0.1991472,-0.03383368,-0.03080897,0.1635402,0.4857294,0.2962695,8.579981,347.5016,357.2171,-0.2244346,0.495216,1.367258,-0.005544722,-2.644475,0.5130053,-0.3462048,-0.08697727,0.2266797,25.51607,248.2051,330.6991,-0.4292598,-0.7220262,0.7390989,-1.227086,2.154369,0.125746,0.4748955,0.7385413,0.593821,312.4863,49.43052,11.14232,
304.78,0.00457415,-0.02768328,-0.09782703,-0.2150014,-0.04189706,-0.05053861,0.1636354,0.4853376,0.2947502,8.783466,347.5484,357.2018,-0.1787824,0.5493283,1.438065,0.02067691,-2.817891,0.5481175,-0.3464164,-0.07807398,0.2460841,25.16764,250.9661,332.5048,-0.4391368,-0.7974612,0.7476177,-1.018785,2.288526,0.2488253,0.4683009,0.7260145,0.6032786,313.8089,48.47512,10.29467,
318.485,0.003817495,-0.02817463,-0.1029014,-0.2269755,-0.05323788,-0.04926131,0.163705,0.48499,0.2932153,8.959003,347.6048,357.1281,-0.1163047,0.6227298,1.510251,0.01110923,-3.022463,0.5668699,-0.3451592,-0.06772289,0.2664087,24.60051,253.9453,334.357,-0.4677021,-0.8871928,0.754503,-0.8787176,2.240414,0.475335,0.4600632,0.711735,0.6127346,315.2472,47.54769,9.870139,
332.745,0.001673549,-0.02675481,-0.1061704,-0.2410408,-0.08266948,-0.003618646,0.163588,0.4847303,0.2916396,9.09992,347.6978,356.9119,-0.04099655,0.6990581,1.571194,0.02937007,-3.211782,0.7737486,-0.3427056,-0.05625294,0.2870168,24.13344,257.0938,336.5262,-0.5351665,-0.9749652,0.7567165,-1.077237,2.106717,0.5364679,0.4505473,0.6960281,0.6216135,316.3418,45.67905,10.26156,
346.623,-0.001050357,-0.02533241,-0.1089175,-0.2391467,-0.1236566,0.04757322,0.1635448,0.4843585,0.2900714,9.191088,347.8205,356.7103,0.0450809,0.7757111,1.619084,0.09983486,-3.413825,1.162472,-0.3390096,-0.04388389,0.3073654,23.76344,260.5663,339.1849,-0.6196877,-1.069683,0.7496439,-1.475559,2.126344,0.4548025,0.4405428,0.6787868,0.6296469,317.355,42.89761,10.96953,
360.457,-0.002362277,-0.02483677,-0.1106472,-0.2281774,-0.160872,0.05438998,0.1634749,0.4840049,0.2885085,9.30567,347.9936,356.5951,0.1378915,0.8567636,1.651881,0.1103285,-3.613047,1.459368,-0.3339076,-0.03073956,0.327789,23.04351,264.1857,341.8677,-0.7066026,-1.186977,0.7072785,-1.748107,2.254172,0.1988162,0.4302251,0.6594438,0.6364387,318.165,40.00416,11.33624,
374.195,-0.002440967,-0.02563125,-0.1119968,-0.1986784,-0.2049367,0.03541103,0.1634223,0.4836179,0.2869427,9.396052,348.2234,356.5484,0.2251964,0.924365,1.672636,0.1199149,-3.817488,1.614103,-0.3277519,-0.01738638,0.3479746,22.01593,267.9421,344.3085,-0.7423396,-1.260014,0.6642016,-1.666296,2.177423,0.07311988,0.4200861,0.6402707,0.6433412,318.8523,38.11872,11.3273,
388.329,-0.001904055,-0.02617284,-0.1128884,-0.1786406,-0.2265965,0.007860618,0.1633755,0.483253,0.2853839,9.498669,348.4325,356.5187,0.3345867,0.9877672,1.686122,0.2116287,-4.088515,1.645169,-0.3198063,-0.003448239,0.3678324,20.84175,272.0363,346.4423,-0.779483,-1.348752,0.6256448,-1.666071,1.83281,0.1678389,0.4085263,0.6194416,0.6499815,319.7072,36.43076,11.98741,
401.916,-0.002108052,-0.02534014,-0.113507,-0.1622858,-0.2431417,-0.00231227,0.1633541,0.4829703,0.2837908,9.577433,348.6276,356.4436,0.4471636,1.033328,1.677489,0.3548751,-4.287643,1.577914,-0.3107482,0.01075875,0.3867795,19.72376,276.1348,348.1978,-0.8412992,-1.443542,0.600583,-2.013218,1.543366,0.2140579,0.3958952,0.597419,0.6558899,320.8087,33.80988,13.53053,
415.435,-0.00232229,-0.02385077,-0.1132377,-0.1489549,-0.2556173,0.0101532,0.1633176,0.4826318,0.2822704,9.61787,348.8387,356.332,0.555509,1.066156,1.641339,0.4781036,-4.408913,1.476065,-0.3006893,0.02513437,0.4043918,18.62715,280.1342,349.6832,-0.916837,-1.542179,0.5741629,-2.59918,1.663177,0.1425445,0.3831885,0.5747068,0.6607022,322.3866,30.03716,15.16338,
429.466,-0.002698809,-0.02322538,-0.1120758,-0.1319003,-0.2770555,0.01824924,0.1633331,0.4823513,0.2807825,9.664588,349.0668,356.2325,0.6518363,1.095315,1.569927,0.3830489,-4.402147,1.418944,-0.2898249,0.03950018,0.4203455,17.22051,283.6984,350.8983,-0.9722413,-1.620733,0.5242772,-2.969835,2.103641,0.03958111,0.3713342,0.5521218,0.6641836,324.2373,26.19645,15.90342,
443.522,-0.002664801,-0.02187732,-0.1099862,-0.1223222,-0.2828426,0.01200261,0.1633469,0.4822082,0.27937,9.732582,349.2852,356.1858,0.7239495,1.116445,1.48689,0.1456414,-4.267284,1.424735,-0.2785088,0.05371775,0.4353183,15.54332,286.7372,351.8446,-0.9865714,-1.662217,0.459904,-2.864893,2.424567,-0.003052637,0.3596709,0.5293967,0.6671438,325.7511,23.40477,15.71543,
457.242,-0.001763407,-0.01766425,-0.1059635,-0.09616915,-0.2626066,-0.006557939,0.1634091,0.482193,0.2780833,9.741218,349.4442,356.1884,0.8017517,1.124782,1.364764,-0.008383155,-3.970425,1.595537,-0.2658449,0.06761092,0.4483262,13.8386,289.2927,352.9418,-0.9685882,-1.704016,0.3808521,-2.532091,2.36915,0.1215458,0.3480783,0.5049861,0.6694624,327.0618,21.73738,15.30835,
471.328,-0.0002111532,-0.0132501,-0.1005123,-0.03740036,-0.2259758,-0.02009099,0.1635242,0.482035,0.2769598,9.643109,349.5561,356.2538,0.8624487,1.097293,1.260307,0.3523877,-3.668886,1.790637,-0.2533353,0.08042565,0.4604116,12.83032,292.023,354.6671,-0.9487,-1.756312,0.3371276,-2.567859,1.932629,0.4075365,0.3361897,0.4808027,0.6718627,329.0321,20.24881,15.78582,
485.328,0.00143066,-0.007904756,-0.09326789,0.01941523,-0.1850071,-0.0187947,0.1636204,0.4820108,0.2758246,9.550283,349.642,356.2701,0.9078432,1.051062,1.173525,0.9380193,-3.370931,1.835588,-0.2409565,0.09261747,0.4716705,12.42718,294.8166,356.6988,-0.9400508,-1.805273,0.3062105,-2.90283,1.740247,0.7377495,0.3247218,0.4576145,0.673351,331.8713,18.35813,16.2486,
498.977,0.002097756,-0.004575241,-0.08736636,0.0339253,-0.1776564,0.02248929,0.163622,0.4819113,0.2747768,9.469666,349.7565,356.1416,0.9562672,0.9846146,1.064534,1.579148,-3.03662,1.687865,-0.2276558,0.1042927,0.4812673,12.56207,297.54,358.861,-0.9153203,-1.824373,0.2253795,-3.011695,2.24249,1.287455,0.3147607,0.4355056,0.6723962,335.1043,16.49097,14.87958,
513.186,0.002626911,-0.003761236,-0.08193882,0.03265959,-0.1792581,0.05327167,0.163688,0.4818514,0.2737616,9.421857,349.867,356.05,0.9898332,0.9442801,0.9844288,1.780878,-2.85501,1.517124,-0.2142896,0.1157416,0.4904885,12.267,300.137,0.4811904,-0.8805668,-1.800804,0.1477144,-2.618583,2.731924,1.756026,0.3048796,0.4130501,0.6716233,337.4731,15.2132,12.44536,
527.087,0.003823616,-0.002716661,-0.07692143,0.03140739,-0.164902,0.05170259,0.1637658,0.4819101,0.2728483,9.395979,349.9537,356.0373,1.023922,0.9116571,0.8979963,1.627931,-2.793453,1.379107,-0.200182,0.1267685,0.4986198,11.54219,302.5448,1.448284,-0.8640024,-1.784877,0.08902407,-2.55795,2.620239,1.951276,0.2939208,0.3908434,0.67061,339.9894,13.98571,11.04849,
541.014,0.004743826,-0.0004555115,-0.07124447,0.03587553,-0.1478917,0.05744866,0.1637706,0.4819944,0.2721046,9.315493,350.0249,355.9678,1.055862,0.8858294,0.8179544,1.243674,-2.804832,1.315924,-0.1855774,0.1372057,0.5060237,10.40346,304.7724,1.793338,-0.8681415,-1.766577,0.03298941,-2.709309,2.297235,1.764199,0.2828966,0.3695008,0.6685309,342.4197,12.45697,10.7169,
554.672,0.004709311,0.002451612,-0.06474361,0.04716748,-0.1422957,0.08026652,0.1638454,0.4821485,0.2713921,9.216908,350.0855,355.8713,1.086911,0.8529153,0.7482393,1.039022,-2.853886,1.291663,-0.1710016,0.1469188,0.5125936,9.286432,307.1605,2.185955,-0.8602815,-1.738062,-0.02542272,-2.687819,2.094971,1.654646,0.2727335,0.3488247,0.6655639,344.6142,11.11197,10.14376,
568.795,0.004739311,0.004153728,-0.05862471,0.0624767,-0.1380592,0.0882908,0.1639016,0.4821423,0.2707874,9.107298,350.1731,355.8155,1.115009,0.8111789,0.6825215,1.10347,-2.924451,1.292751,-0.1564375,0.1557208,0.5181962,8.27571,309.8205,2.957718,-0.8329635,-1.693187,-0.08834991,-2.524549,2.029443,1.836511,0.2632204,0.3289841,0.6621922,346.777,10.09969,8.752592,
582.858,0.005712427,0.003264427,-0.05269509,0.08438436,-0.1243533,0.07927026,0.1641031,0.4820739,0.2702445,8.986729,350.2243,355.8102,1.134864,0.7580914,0.6174902,1.224906,-2.98672,1.260464,-0.142168,0.1633562,0.5229847,7.339338,312.5817,3.812482,-0.8112282,-1.634913,-0.1375573,-2.479032,1.876554,1.943312,0.2534649,0.3104776,0.6585511,349.0733,9.162745,7.504626,
596.339,0.007158983,0.002105006,-0.04767016,0.0898845,-0.1116689,0.05066196,0.1642816,0.48206,0.2697103,8.926686,350.2996,355.8483,1.136646,0.6899463,0.5501736,1.180744,-2.947221,1.121754,-0.128328,0.169962,0.5271696,6.607289,315.028,4.301177,-0.7951912,-1.555102,-0.1843242,-2.310246,1.670715,1.760676,0.2437269,0.2931701,0.6543116,350.765,8.267926,6.76629,
610.236,0.008698335,0.001622832,-0.04330473,0.06560603,-0.1140533,0.03610361,0.1644381,0.4821017,0.2692436,8.919914,350.4013,355.8041,1.115191,0.6111277,0.4801801,0.9927194,-2.730232,0.9273846,-0.114955,0.1755751,0.5307349,6.119836,316.8801,4.452049,-0.770638,-1.470334,-0.2275024,-2.088194,1.420475,1.563396,0.2345727,0.2767318,0.6497467,352.138,7.620275,6.189009,
624.283,0.009639082,-8.632639E-05,-0.0380154,0.05226472,-0.1282248,0.0368132,0.1645324,0.4820677,0.2689558,8.864191,350.5203,355.7556,1.089959,0.5386982,0.423597,0.8044033,-2.540153,0.7447687,-0.101893,0.1803784,0.5338541,5.764054,318.5728,4.46419,-0.7391177,-1.398377,-0.2585078,-2.118355,1.228394,1.703941,0.2257535,0.2611414,0.645354,354.1771,7.100111,5.062346,
638.006,0.01146539,-0.002497782,-0.03173975,0.06732506,-0.1208944,0.02380292,0.1648136,0.4819476,0.2687101,8.774677,350.5787,355.7993,1.059717,0.450595,0.370527,0.6685129,-2.412742,0.4844156,-0.08948295,0.1839635,0.536683,5.755996,320.271,4.461015,-0.7287105,-1.330258,-0.2823096,-2.322542,1.178222,1.709425,0.2168779,0.2476347,0.64069,356.58,6.172408,4.17412,
651.858,0.01334123,-0.003294974,-0.02736433,0.06511032,-0.1101005,0.01928138,0.1650489,0.4818975,0.2684367,8.726656,350.6393,355.7787,1.025303,0.3639129,0.3255447,0.651963,-2.313957,0.1933852,-0.07786101,0.1865018,0.5389463,5.989565,322.0237,4.709719,-0.7191758,-1.215116,-0.3120693,-2.185023,1.234555,1.470081,0.2088442,0.2364504,0.6355047,358.1073,4.99716,3.609311,
666.003,0.01481126,-0.004630081,-0.02414149,0.04710792,-0.1104135,0.04201822,0.1652728,0.4817774,0.2681441,8.696245,350.7066,355.6722,0.9821009,0.2832678,0.2838446,0.6481036,-2.174468,-0.06117794,-0.06691267,0.188352,0.5409218,6.336217,323.621,5.052635,-0.6766486,-1.06852,-0.3378518,-1.730281,1.114639,1.301397,0.201834,0.2268404,0.6302421,358.7618,4.341047,2.931752,
679.806,0.01619159,-0.007108121,-0.02305056,0.01784129,-0.1144845,0.05903275,0.1655452,0.4815764,0.2677881,8.706507,350.7835,355.5785,0.9302269,0.2155182,0.2424063,0.5700262,-1.971505,-0.1893398,-0.05660088,0.1896813,0.5423651,6.590435,324.9016,5.255537,-0.6278989,-0.9320616,-0.3464857,-1.376017,0.9447917,1.270495,0.1948096,0.2182876,0.6254956,359.3568,3.952929,2.035529,
693.771,0.01812052,-0.009149082,-0.02354682,-0.02750942,-0.1103558,0.05681938,0.1658504,0.4815008,0.2674438,8.795064,350.8519,355.5054,0.8747653,0.166377,0.2040282,0.4773794,-1.763098,-0.148844,-0.04686245,0.190764,0.5435535,6.558691,325.9526,5.318617,-0.597041,-0.812709,-0.3381362,-1.206854,0.8851812,1.087957,0.1879751,0.2110276,0.621523,0.04400494,3.341924,1.545568,
707.759,0.01985564,-0.009813257,-0.02328501,-0.03093964,-0.1063336,0.059285,0.166179,0.4814099,0.2671906,8.773396,350.9095,355.4468,0.8184364,0.1306418,0.1696695,0.3894795,-1.602918,-0.03448938,-0.03797391,0.1914745,0.5443531,6.328042,326.9329,5.262332,-0.5723144,-0.6989962,-0.3181739,-1.135767,0.8813115,0.5976006,0.1816778,0.2056139,0.6181153,0.7003542,2.571302,1.99566,
721.809,0.02119977,-0.008211805,-0.02280378,-0.01984949,-0.1026142,0.062516,0.1665091,0.4813434,0.2668926,8.722548,350.9608,355.3851,0.7593856,0.09889872,0.1416362,0.3788712,-1.484498,0.002047576,-0.03015729,0.1918693,0.5451342,6.161343,327.9362,5.3486,-0.5272452,-0.5771413,-0.2914672,-1.004798,0.8287966,0.2191899,0.1767798,0.202233,0.6151267,1.165888,1.955094,2.565075,
735.565,0.02102439,-0.005907984,-0.0222417,-0.006997823,-0.1135074,0.08672947,0.1667536,0.4813237,0.2665539,8.663596,351.0299,355.247,0.690559,0.06215028,0.1171941,0.3290774,-1.313675,-0.1129396,-0.02356898,0.1917644,0.545792,6.347332,328.7388,5.51263,-0.461098,-0.4491007,-0.2617367,-0.775809,0.7399634,0.2060023,0.1731986,0.2000508,0.612474,1.354295,1.515891,2.45351,
749.752,0.02022942,-0.004485413,-0.02229817,-0.001631067,-0.1264688,0.1120973,0.1669641,0.4812757,0.2662106,8.611741,351.1196,355.1077,0.626941,0.0333568,0.09951907,0.1746514,-1.13716,-0.2511501,-0.0173881,0.1920878,0.5465752,6.810582,329.3171,5.484453,-0.3863534,-0.3295206,-0.2263152,-0.6043281,0.6159273,0.3808633,0.1706128,0.1991174,0.6106678,1.560817,1.226086,1.847698,
763.69,0.01936053,-0.003058684,-0.02326249,-0.006370616,-0.1413815,0.1138839,0.1672297,0.4812821,0.265857,8.595156,351.2357,355.0123,0.5505274,0.02055935,0.08521892,0.06535508,-1.018991,-0.3103361,-0.01240895,0.1928112,0.5472186,7.199968,329.8898,5.411576,-0.3000253,-0.2064884,-0.1810371,-0.4138853,0.3927756,0.4940542,0.1686847,0.199455,0.6095399,1.59876,1.294651,1.234746,
777.355,0.01856801,-0.00165607,-0.02474098,-0.008588156,-0.1618305,0.09596453,0.167481,0.4812836,0.265478,8.570752,351.3861,354.9579,0.4905359,0.03493229,0.07837853,0.1601624,-0.9916517,-0.244243,-0.008088743,0.1938784,0.5478162,7.146216,330.6877,5.58868,-0.2415765,-0.1094259,-0.1398739,-0.2565727,0.2779402,0.3506527,0.1667922,0.2005452,0.608844,1.537789,1.275876,1.186352,
791.463,0.01804044,-0.0001458332,-0.02685638,-0.002388171,-0.1792971,0.0703243,0.1677492,0.4813485,0.2650228,8.54323,351.5376,354.9282,0.4287148,0.06001921,0.07467213,0.2629344,-0.9663507,-0.1152079,-0.004712971,0.1951697,0.5485461,6.848878,331.4736,5.751203,-0.1912254,-0.01386585,-0.102707,0.004376933,0.2025267,0.08634254,0.1654906,0.2025688,0.6084098,1.067918,1.276417,1.546621,
805.49,0.01692136,0.0009943943,-0.02901249,0.004273137,-0.1881311,0.04878899,0.1678947,0.4813903,0.2645877,8.509682,351.6964,354.9019,0.3699146,0.08032772,0.07270719,0.2640584,-0.8755207,-0.01261824,-0.001973595,0.1966261,0.5493477,6.600023,332.029,5.76494,-0.1436533,0.07204429,-0.07202177,0.2864144,0.1343367,-0.1736043,0.1648152,0.2050403,0.6081774,0.3180929,1.324884,2.09943,
819.213,0.01552103,0.002407858,-0.03190209,0.01161777,-0.1783043,0.0190675,0.1680941,0.4815097,0.2640687,8.491373,351.8081,354.9345,0.2891089,0.1050051,0.06977346,0.191403,-0.6775118,0.1143124,-0.000290934,0.1985761,0.5502589,6.327779,332.1765,5.591584,-0.09944782,0.1373327,-0.04683713,0.480758,0.05894847,-0.3589412,0.1644335,0.2077598,0.6081383,359.5555,1.4479,2.672852,
833.378,0.01371495,0.003118858,-0.033857,0.03286016,-0.1645907,0.002775918,0.168185,0.4815194,0.2636111,8.407472,351.9159,354.9622,0.2284781,0.1268739,0.07263185,0.1192518,-0.5789611,0.2308948,0.001037486,0.2006615,0.5513251,6.029989,332.4132,5.325867,-0.06528716,0.1805233,-0.02154653,0.503299,0.08166441,-0.3780496,0.164643,0.2109246,0.6087302,359.0887,1.359253,2.997928,
847.215,0.01160418,0.004134302,-0.03569731,0.05461331,-0.1455105,-0.003656364,0.1682864,0.4816676,0.2631257,8.330685,351.9897,354.9756,0.1786199,0.143188,0.07695342,0.01013347,-0.502475,0.2583321,0.001773207,0.2031725,0.5525262,5.9201,332.6046,4.996426,-0.03122177,0.210565,-0.0003676619,0.4760855,0.07754688,-0.2769304,0.1655598,0.2143818,0.6094676,358.7555,1.313651,3.025788,
860.734,0.0106901,0.005554511,-0.03694738,0.07960165,-0.1222347,-0.0101421,0.168429,0.4817974,0.2625739,8.228451,352.0487,355.0228,0.1160374,0.1645492,0.08577846,-0.03631757,-0.4128931,0.1199023,0.001109062,0.206604,0.5540641,6.110509,332.7568,4.951771,0.03054596,0.2500692,0.02548941,0.4876926,-0.01440741,-0.04805592,0.1679592,0.2185316,0.6105893,358.3745,1.515864,2.633618,
874.506,0.0103107,0.007205971,-0.03807455,0.1060176,-0.09139438,-0.01626892,0.1686002,0.4818961,0.2620029,8.105455,352.0621,355.0739,0.06005808,0.1940995,0.09559775,0.02378194,-0.362632,-0.05448733,-0.0002548993,0.2106795,0.5556365,6.346256,333.0138,5.231763,0.08108938,0.2747366,0.04333433,0.5042197,-0.07718824,0.07030758,0.1705732,0.2224363,0.6118116,357.9655,1.722508,2.33519,
888.661,0.01003569,0.008142953,-0.03932651,0.1231474,-0.05901537,-0.02064295,0.168732,0.481937,0.2614252,7.997314,352.0587,355.1306,-0.007208567,0.2487976,0.1066583,0.1451674,-0.3444643,-0.160999,-0.003100039,0.2162942,0.5573707,6.434659,333.3628,5.670941,0.1512638,0.2998492,0.06752059,0.5468144,-0.162387,0.08849367,0.1746698,0.2266545,0.6136685,357.4715,2.034135,2.198737,
902.538,0.009944909,0.008197649,-0.04007347,0.1258618,-0.0310975,-0.01729579,0.1688735,0.4820997,0.2608637,7.91834,352.0308,355.1588,-0.08425338,0.3305808,0.11532,0.2290742,-0.2802799,0.02617152,-0.007106405,0.2233362,0.5592875,5.952366,333.5033,5.733251,0.2237149,0.3118791,0.09103407,0.5812845,-0.3082806,0.1059494,0.1796351,0.2305499,0.6158512,356.9737,2.570609,2.060757,
916.338,0.01046075,0.009558283,-0.03986215,0.1254374,-0.0008035736,-0.0132815,0.1690293,0.4823094,0.2603897,7.822435,351.9926,355.1971,-0.1746798,0.4378161,0.1222841,0.1865867,-0.1059072,0.499687,-0.01228522,0.2321904,0.561379,4.86644,333.1637,5.087204,0.306061,0.3092016,0.1167197,0.561996,-0.490739,0.2198836,0.1858131,0.233963,0.6184343,356.6166,3.337943,1.671463,
930.503,0.01095539,0.01088491,-0.03813971,0.1406949,0.01078117,-0.002438558,0.1691784,0.4824925,0.2599679,7.680128,351.9616,355.2191,-0.2743715,0.5604956,0.1258668,0.139473,0.1398485,1.041721,-0.01887349,0.2426849,0.5633444,3.321642,332.5003,4.111097,0.3928909,0.2903614,0.1433084,0.4954446,-0.7132013,0.3580514,0.192912,0.2367582,0.6214238,356.4337,4.365483,1.142485,
944.499,0.0120417,0.01156896,-0.0350006,0.1551096,0.01920728,0.004860278,0.1693565,0.4826236,0.2595999,7.544829,351.9255,355.2459,-0.3798376,0.6896045,0.1202238,0.157159,0.4462034,1.529128,-0.026907,0.2546601,0.5650707,1.415807,331.5934,3.128332,0.4702936,0.2538421,0.169186,0.3519695,-0.8664793,0.4292643,0.2006529,0.2387515,0.6245875,356.5046,5.388677,0.7053679,
958.275,0.01344324,0.01186094,-0.03234016,0.1457139,0.02589784,0.01522106,0.1695866,0.4827345,0.259239,7.448814,351.8851,355.2455,-0.4860128,0.8174273,0.1073866,0.2421077,0.8108765,1.87927,-0.03607805,0.2679932,0.5667176,359.3055,330.4177,2.343031,0.5376095,0.2069918,0.1939362,0.1964561,-0.9475324,0.4283362,0.2092633,0.2401175,0.6282637,356.7117,6.318195,0.427186,
972.39,0.01423233,0.01170695,-0.02953427,0.1289366,0.02242139,0.02833849,0.1697811,0.4829234,0.2589374,7.371433,351.8673,355.2197,-0.5841511,0.9322182,0.09492394,0.2825609,1.14023,2.013871,-0.04616618,0.282624,0.5684799,357.4082,329.0948,1.713823,0.6064291,0.1561559,0.2158936,0.07844334,-1.057195,0.3927692,0.2188101,0.2405216,0.6321382,356.934,7.374642,0.2644387,
986.414,0.01528687,0.01178125,-0.02679146,0.1109977,0.01167059,0.04024335,0.1700419,0.4830922,0.2586479,7.304445,351.8649,355.1812,-0.664619,1.040109,0.08309442,0.3075493,1.370039,2.023449,-0.0567213,0.2987491,0.5700244,355.6779,327.7956,1.20646,0.6767644,0.09837292,0.2343532,-0.03644907,-1.185889,0.3273588,0.2292642,0.2399826,0.6362488,357.2221,8.551969,0.2407031,
1000.398,0.01651955,0.01164103,-0.02387821,0.08774909,-0.01509573,0.0553395,0.1703192,0.483229,0.2583766,7.250047,351.9078,355.1162,-0.7230105,1.141478,0.07247852,0.3116935,1.380207,1.956165,-0.06789815,0.3162147,0.5712093,354.1514,326.8917,0.7619156,0.7472296,0.03473935,0.248096,-0.1397553,-1.341469,0.2538472,0.2405005,0.2383931,0.6403304,357.5553,9.898095,0.3204962,
1014.088,0.01791907,0.0115139,-0.02148004,0.06781486,-0.05115594,0.05983195,0.1705737,0.4834155,0.258145,7.212276,352.0114,355.0607,-0.7771919,1.242984,0.05098492,0.3368718,1.414625,1.905206,-0.07998792,0.3351526,0.571869,352.5987,325.9665,0.3884727,0.8140308,-0.03584388,0.2551725,-0.2438272,-1.503019,0.1219655,0.2524084,0.2356011,0.6443245,357.9009,11.36591,0.6507232,
1027.857,0.01907773,0.01085512,-0.01846652,0.05289008,-0.09994803,0.05710844,0.1708348,0.4834361,0.2579815,7.152356,352.1635,355.0211,-0.8353058,1.354478,0.00853914,0.3644618,1.738912,2.025426,-0.09234395,0.3553067,0.5716788,350.5482,324.3964,359.8758,0.889599,-0.1218215,0.2551013,-0.3539144,-1.714993,-0.09332275,0.2656367,0.2313225,0.6482384,358.2234,13.0483,1.333605,
1041.846,0.01915301,0.01014718,-0.01556849,0.04498327,-0.1371718,0.05761987,0.1710435,0.4835695,0.2578729,7.099051,352.3148,354.9563,-0.881408,1.463103,-0.04655197,0.3367985,2.218268,2.208681,-0.1044263,0.3764722,0.5708784,348.1485,322.3221,359.134,0.9585169,-0.19916,0.2456344,-0.4459188,-1.944427,-0.3347625,0.2792971,0.2262129,0.651747,358.4545,14.92521,2.268872,
1055.625,0.01843397,0.01103293,-0.01164277,0.04604773,-0.1622064,0.05514035,0.1712509,0.4837972,0.2578323,7.028206,352.4613,354.9108,-0.899394,1.54907,-0.09616256,0.2666152,2.602054,2.358537,-0.1162254,0.3980564,0.5697064,345.6171,320.2625,358.2319,1.019495,-0.2637175,0.2304145,-0.518066,-2.170773,-0.5558504,0.2934251,0.2205786,0.6549771,358.6071,16.97863,3.385875,
1069.859,0.01629567,0.01287919,-0.006314394,0.06794523,-0.1867651,0.07597168,0.1713991,0.4839865,0.2579399,6.875992,352.6142,354.8101,-0.9050372,1.650153,-0.1687003,0.2245093,3.053547,2.49483,-0.1280787,0.4214248,0.5670934,342.808,317.9044,357.2702,1.090878,-0.3551842,0.2033412,-0.6308068,-2.327747,-0.7193297,0.3088177,0.2127583,0.6573971,358.8354,19.04386,4.632204,
1083.812,0.01368762,0.01426021,-0.001467683,0.0790431,-0.2111535,0.1117298,0.1716176,0.4841693,0.2578489,6.738225,352.7665,354.6399,-0.9030346,1.714824,-0.2380377,0.3034492,3.316752,2.412798,-0.1398041,0.4446912,0.5638444,340.3244,315.5054,356.7712,1.140991,-0.4492471,0.1770214,-0.81818,-2.297523,-0.6831441,0.3247524,0.2039195,0.6596673,359.4647,20.7282,5.685479,
1097.445,0.01167231,0.01550236,0.003659002,0.07704476,-0.2283599,0.1483225,0.171703,0.4844516,0.2580861,6.63359,352.9295,354.4564,-0.8946546,1.758668,-0.3041319,0.4947984,3.350605,2.207485,-0.1513019,0.4682582,0.5598114,338.2046,313.1404,356.8567,1.190099,-0.5509914,0.1455348,-1.006727,-2.275964,-0.5396437,0.3412927,0.1938663,0.6613535,0.3811288,22.40928,6.612292,
1111.532,0.01029405,0.01648422,0.009488862,0.07592331,-0.2446259,0.178657,0.1717282,0.4847564,0.2586544,6.506075,353.1023,354.273,-0.8798939,1.786694,-0.3743041,0.7251107,3.326509,2.015983,-0.1624331,0.4918121,0.5547289,336.2354,310.6599,357.3515,1.241491,-0.6526419,0.1074047,-1.18462,-2.300136,-0.3544044,0.3587567,0.1827616,0.6623231,1.542101,24.16177,7.495819,
1125.584,0.009656469,0.01626039,0.01544173,0.07693129,-0.2553881,0.2007057,0.1718636,0.4848942,0.2590771,6.376538,353.2645,354.0797,-0.8563558,1.797944,-0.4358756,0.8789493,3.314856,1.860681,-0.1727084,0.5150822,0.5491757,334.3427,308.0879,357.9232,1.300855,-0.7448772,0.05169636,-1.326288,-2.463923,-0.3043975,0.376922,0.1705059,0.6620063,2.621973,26.29114,8.641254,
1139.229,0.00921833,0.01583754,0.02145237,0.07093417,-0.2606589,0.2150178,0.1720016,0.4850827,0.2595344,6.273839,353.4174,353.8832,-0.8217286,1.792419,-0.4975,1.013645,3.173181,1.66439,-0.1823652,0.5382501,0.5425792,332.8272,305.6213,358.7357,1.363418,-0.8246762,-0.01990616,-1.474322,-2.732135,-0.4352779,0.3955795,0.1574403,0.6605851,3.480973,28.84188,10.27771,
1153.431,0.008868365,0.01546417,0.0278711,0.06883705,-0.2585705,0.2253362,0.1720778,0.4853295,0.2601403,6.15625,353.5731,353.6809,-0.78041,1.771935,-0.554653,1.117064,3.004065,1.497022,-0.1913784,0.5608723,0.5351545,331.5024,303.2114,359.6815,1.419281,-0.9121371,-0.1108653,-1.636909,-2.926761,-0.4497495,0.4146467,0.1431692,0.6574819,4.521,31.41328,11.99304,
1167.347,0.007969172,0.01570607,0.03424088,0.07293098,-0.2643479,0.2448593,0.1721197,0.4855294,0.2608304,6.006527,353.7413,353.4495,-0.7401272,1.743766,-0.6040246,1.179515,2.916652,1.374301,-0.1998264,0.5827083,0.5274889,330.214,300.697,0.6482827,1.451561,-0.9900706,-0.1952471,-1.666642,-2.929278,-0.197748,0.4341487,0.128505,0.65358,5.930331,33.57252,13.16934,
1181.339,0.006637814,0.01632437,0.04039548,0.07251124,-0.2821756,0.2661133,0.1721377,0.4858581,0.2615752,5.87008,353.9361,353.1853,-0.6765825,1.700671,-0.6573992,1.080272,2.919589,1.25295,-0.2070929,0.603897,0.5190358,328.8316,298.3481,1.170978,1.473511,-1.06283,-0.2861685,-1.609685,-2.904749,0.1042455,0.4537846,0.1130887,0.6481791,7.532264,35.6068,14.05388,
1195.096,0.005795326,0.0175222,0.04622133,0.0798435,-0.299587,0.2693283,0.1722266,0.4861167,0.2623798,5.713565,354.1533,352.9894,-0.6141356,1.657235,-0.6912212,0.8773409,3.0065,1.088742,-0.2138783,0.6243026,0.5105605,327.3306,296.1728,1.153967,1.487975,-1.125175,-0.3861397,-1.605318,-2.911028,0.2672374,0.473307,0.09702116,0.6412242,9.099384,37.69674,15.14513,
1209.191,0.005729098,0.01953219,0.05229301,0.09135311,-0.3127939,0.2565564,0.1723597,0.4864961,0.2632638,5.556695,354.3723,352.8146,-0.5656078,1.610112,-0.7147607,0.7315637,3.00665,0.9192026,-0.2205646,0.6438501,0.5017456,325.9634,294.166,1.065393,1.493564,-1.173678,-0.4801874,-1.719278,-2.967894,0.3152359,0.4926735,0.08080045,0.6332619,10.65853,39.94492,16.68846,
1223.278,0.006495677,0.02248578,0.05929892,0.1122614,-0.32041,0.2318267,0.1725508,0.4868737,0.2642958,5.363188,354.5866,352.6918,-0.5235847,1.538348,-0.7614213,0.7780589,2.985394,0.798365,-0.2272518,0.6622901,0.491531,324.795,291.8331,1.367008,1.507484,-1.219731,-0.6266018,-1.885266,-3.257491,0.2949907,0.5121512,0.06429903,0.6221478,12.30182,42.89182,18.68608,
1236.966,0.007849971,0.02470565,0.06578341,0.1417631,-0.3222461,0.2102844,0.1727375,0.4872628,0.2654393,5.141278,354.8002,352.5735,-0.5074587,1.473341,-0.8032602,0.9778566,2.907794,0.7219371,-0.2339191,0.6797539,0.4814318,323.9741,289.0766,2.219652,1.501659,-1.244399,-0.7573125,-1.770804,-3.420722,0.4137139,0.5312558,0.04824543,0.6101612,14.11336,45.63781,20.06231,
1251.182,0.009404523,0.02709724,0.07287905,0.1675034,-0.326471,0.2038496,0.1729026,0.487682,0.266638,4.915504,355.0212,352.4221,-0.4955865,1.390768,-0.8470365,1.194959,2.790105,0.647164,-0.2405088,0.6960096,0.4707026,323.4999,286.2065,3.246174,1.483728,-1.250081,-0.8646021,-1.583608,-3.475755,0.4557188,0.5498606,0.03220801,0.5972683,15.76464,48.26159,21.20111,
1265.104,0.01031568,0.02802069,0.07814197,0.1777129,-0.3262396,0.2022614,0.1731104,0.4880158,0.2678246,4.714405,355.2129,352.2696,-0.4826285,1.3025,-0.8827266,1.37669,2.696517,0.5542173,-0.2466333,0.7110411,0.4598541,323.2387,283.3065,4.186941,1.44902,-1.254692,-0.9965593,-1.611688,-3.487519,0.4419759,0.5677999,0.01542241,0.5818618,17.30083,50.92438,22.85321,
1278.845,0.01105846,0.02725182,0.0819371,0.1601704,-0.3109129,0.1976915,0.1732817,0.4882771,0.2690488,4.579373,355.3906,352.1167,-0.4624937,1.21143,-0.9024464,1.448806,2.575333,0.4070319,-0.2522624,0.7249495,0.4489931,323.1118,280.7577,4.739678,1.40991,-1.254538,-1.108235,-1.913028,-3.467642,0.3839691,0.584878,-0.001023691,0.5658134,18.57811,53.74161,25.46895,
1293.091,0.01144597,0.02539217,0.08487347,0.1282681,-0.287906,0.1855746,0.1734395,0.4885872,0.2703136,4.503735,355.5482,351.992,-0.4364056,1.125558,-0.9081274,1.419038,2.451059,0.269147,-0.257688,0.73789,0.4381062,322.9265,278.5713,5.007585,1.368142,-1.237473,-1.221135,-2.29415,-3.430079,0.2438664,0.6014884,-0.01700042,0.547973,19.34451,56.72959,28.68464,
1307.037,0.0119651,0.02277308,0.08775672,0.1069053,-0.2597505,0.1802285,0.1736088,0.4888403,0.271642,4.394593,355.6799,351.8549,-0.4077126,1.038181,-0.9163445,1.443392,2.447264,0.112653,-0.2625736,0.7493801,0.4269342,322.7447,276.2516,5.044261,1.326172,-1.202276,-1.364789,-2.581831,-3.570639,0.0349088,0.6169008,-0.03246679,0.5276844,19.7644,60.27558,32.10943,
1320.903,0.01219851,0.02122946,0.09064192,0.1000184,-0.2417692,0.1784676,0.1737812,0.4891433,0.2729999,4.280625,355.8044,351.7134,-0.3769141,0.9538,-0.9282049,1.451488,2.540955,0.03159881,-0.2673361,0.7598307,0.4156118,322.3355,273.7728,5.066431,1.27622,-1.185688,-1.472035,-2.338118,-3.718201,0.04781696,0.6318523,-0.04746652,0.5071364,20.94825,63.55291,34.54667,
1334.656,0.01268663,0.02090036,0.09330296,0.08867197,-0.2122878,0.1707968,0.1739898,0.4894152,0.2743589,4.192013,355.8919,351.5993,-0.3519758,0.8642685,-0.9511137,1.594482,2.676234,0.05927283,-0.2719185,0.7687705,0.4038742,322.0414,270.7723,5.403621,1.203074,-1.172152,-1.596773,-1.835547,-3.927744,0.04177761,0.6457806,-0.06214685,0.4843094,22.74836,66.88267,36.22156,
1348.864,0.01356454,0.02013813,0.09557794,0.09033927,-0.1761074,0.1511322,0.174194,0.4897046,0.2757858,4.102849,355.9454,351.528,-0.3320239,0.7710516,-0.9681072,1.733978,2.714282,0.1084805,-0.2762889,0.7767225,0.3922768,321.9515,267.7844,5.771793,1.09767,-1.154397,-1.736675,-1.400307,-4.19311,-0.01097739,0.6573861,-0.07632207,0.4594414,24.89281,70.43848,37.86482,
1362.866,0.01475963,0.01903343,0.09829452,0.1002797,-0.1302894,0.1113233,0.1744286,0.4898935,0.2772309,3.995564,355.9526,351.5388,-0.313601,0.6823993,-0.9731325,1.796456,2.65142,0.170116,-0.2805063,0.7837662,0.3807793,321.9632,265.0349,6.127739,0.9984793,-1.130841,-1.834099,-1.245648,-4.319366,-0.09292302,0.6678034,-0.08993779,0.4347408,26.72527,74.05145,39.9542,
1376.569,0.01600822,0.01743169,0.09995321,0.1120362,-0.08921748,0.07977793,0.1746306,0.4900514,0.2786077,3.881525,355.9445,351.5332,-0.2938025,0.6030491,-0.9667906,1.771302,2.58254,0.2027079,-0.2845733,0.7898267,0.3695288,321.8729,262.496,6.396425,0.8657746,-1.093884,-1.934546,-1.157953,-4.40959,-0.1284636,0.6755944,-0.1023551,0.4084438,28.62709,77.68658,42.32106,
1390.574,0.01645337,0.01436661,0.09951771,0.1066091,-0.04932404,0.05558863,0.1748093,0.4900803,0.2799516,3.8214,355.9119,351.5351,-0.278136,0.5377916,-0.9572271,1.797786,2.558696,0.1747867,-0.2886676,0.7952431,0.3584334,321.7914,260.0137,6.379166,0.6966373,-1.01774,-2.029515,-1.077049,-4.288299,-0.1866492,0.6802736,-0.1127757,0.3803793,30.20436,80.97491,44.53941,
1404.707,0.01515397,0.01101817,0.09809248,0.07391623,-0.004154009,0.04443176,0.1749805,0.4902065,0.2813006,3.850799,355.8294,351.5115,-0.2661768,0.4647442,-0.9478522,1.901091,2.559759,0.1193333,-0.2930546,0.7998923,0.3474616,321.7993,257.5625,6.0331,0.5613197,-0.9410233,-2.090669,-1.09825,-4.062706,-0.3140017,0.684203,-0.1228572,0.3526607,31.25664,84.20028,46.67233,
1418.316,0.01180401,0.01012945,0.09824505,0.05406759,0.03047007,0.08774299,0.1750018,0.4905149,0.2827681,3.80173,355.7351,351.3323,-0.2561194,0.3963786,-0.9410449,2.035639,2.546865,0.09586507,-0.2972624,0.8038461,0.3363627,321.9092,255.1553,5.510451,0.4070245,-0.8578795,-2.141675,-1.275384,-3.838685,-0.284989,0.6850562,-0.1325528,0.3247242,31.7825,87.42841,49.35356,
1432.433,0.008228712,0.01229097,0.1009511,0.08070967,0.03280107,0.1366825,0.1749456,0.4908721,0.2843683,3.630552,355.6837,351.1559,-0.2426273,0.3367051,-0.9394776,2.088773,2.517339,0.1824965,-0.3011099,0.8073684,0.3251202,322.0447,252.6924,5.225245,0.2289068,-0.799643,-2.154357,-1.324034,-3.796995,0.218445,0.6836018,-0.1420024,0.2974925,32.68834,90.2256,53.23868,
1446.431,0.005670313,0.01700623,0.1057351,0.1314429,0.03240957,0.1441536,0.1750037,0.4912288,0.2860225,3.423737,355.6162,351.1132,-0.2225274,0.2891321,-0.9335743,2.038543,2.484116,0.2770733,-0.3044842,0.8102522,0.3140205,322.0504,250.293,5.091753,0.08314687,-0.7565465,-2.135494,-1.231448,-3.892314,0.7795701,0.6819738,-0.1502715,0.271101,33.93735,92.71895,57.71785,
1460.407,0.005128454,0.0200296,0.1098823,0.1758324,0.03751472,0.09982414,0.1750942,0.4915109,0.2876529,3.229627,355.5522,351.1819,-0.1989215,0.2518645,-0.9183735,1.96348,2.468879,0.287708,-0.3076868,0.8128333,0.3033012,321.8405,248.0511,4.819002,-0.02651739,-0.673876,-2.100257,-1.302058,-3.914484,1.247185,0.6797492,-0.156029,0.2452404,34.56243,94.94842,62.49533,
1474.21,0.005483568,0.01941383,0.112392,0.1962148,0.05867298,0.01014985,0.1751857,0.4915786,0.2891773,3.111559,355.4662,351.3768,-0.1777095,0.2225107,-0.8945736,1.942229,2.462271,0.2348869,-0.3108363,0.8150949,0.2928883,321.4944,245.9697,4.263922,-0.09627646,-0.5471289,-2.054118,-1.440394,-3.721637,1.328248,0.6771376,-0.1594261,0.2201234,34.42715,97.01079,66.51122,
1488.255,0.005717382,0.01531067,0.1117769,0.1637399,0.09318876,-0.07415495,0.1752878,0.4916061,0.2905913,3.126945,355.3391,351.5783,-0.1651085,0.1924973,-0.8661241,2.000009,2.390678,0.1701493,-0.3139825,0.8169092,0.2827365,321.215,244.1809,3.33775,-0.1395124,-0.4150826,-2.00995,-1.464708,-3.424483,0.8069365,0.6750141,-0.1615974,0.1958694,34.25347,99.59093,69.19635,
1502.144,0.005069882,0.009642757,0.1103006,0.1197353,0.1241683,-0.1199433,0.1752938,0.491554,0.2920885,3.166376,355.215,351.7304,-0.1591194,0.162251,-0.8395875,2.045116,2.268069,0.1737527,-0.317065,0.8185413,0.272649,321.0624,242.5798,2.343109,-0.1689411,-0.3033822,-1.956036,-1.436487,-3.063518,-0.07401556,0.6728332,-0.1630327,0.1730474,34.27394,102.761,70.70927,
1515.824,0.003060885,0.003504349,0.1078963,0.07265622,0.1331357,-0.1121293,0.1752431,0.4914751,0.2934844,3.200047,355.1187,351.7632,-0.1508664,0.1353831,-0.826259,1.916164,2.163528,0.3582206,-0.3198789,0.8199332,0.2625501,321.0647,240.6748,2.070336,-0.2017456,-0.2197885,-1.877185,-1.357208,-2.776786,-0.849566,0.6703106,-0.1637176,0.1522248,34.72119,106.091,71.84914,
1530.051,0.00146259,-0.0008540018,0.1054527,0.03652036,0.1283828,-0.08827057,0.1751962,0.4913684,0.2948849,3.243677,355.0429,351.7784,-0.1473175,0.1046696,-0.8153746,1.639598,1.960034,0.6252502,-0.322625,0.82065,0.252808,321.3919,238.7903,2.407767,-0.2270104,-0.1447694,-1.761499,-1.283715,-2.428111,-1.206673,0.6676405,-0.1635286,0.1335007,35.05779,108.7576,72.79411,
1544.016,-1.865998E-05,-0.005751715,0.1018265,-0.003346663,0.1166171,-0.07688204,0.1751511,0.4911561,0.2961569,3.329487,354.9937,351.8293,-0.1556334,0.06911573,-0.7927232,1.352895,1.644687,0.8775427,-0.3255409,0.8210777,0.2437713,322.0987,237.2647,2.861689,-0.2382346,-0.07394046,-1.626701,-1.31427,-2.15146,-1.145645,0.6647208,-0.1630396,0.1169343,34.84314,110.9564,74.08589,
1557.855,-0.001408864,-0.01100715,0.09587044,-0.06748065,0.1131075,-0.08726076,0.1751043,0.4907739,0.2972447,3.535702,354.9347,351.9067,-0.1697769,0.03265842,-0.7540486,1.148086,1.315197,1.082064,-0.3283878,0.8211315,0.2358069,323.0634,236.0398,3.182256,-0.2401782,-0.01137685,-1.456361,-1.329195,-1.932937,-0.8513785,0.6616914,-0.1623781,0.1034243,34.26354,112.68,75.5854,
1571.924,-0.002662122,-0.01738657,0.08745493,-0.1490552,0.1197325,-0.1026128,0.1750473,0.4903636,0.2981319,3.833084,354.8695,351.9716,-0.1823532,-0.0008076169,-0.6970823,0.9677532,0.9918164,1.211868,-0.3310433,0.8210237,0.2289377,324.1266,235.1458,3.40515,-0.2409247,0.01579844,-1.286052,-1.143289,-1.80943,-0.5942065,0.6588967,-0.1619583,0.09195203,34.02413,114.0701,77.13729,
1585.909,-0.003798068,-0.02378185,0.07759847,-0.2253552,0.1230898,-0.108478,0.1749434,0.4898765,0.2989001,4.151909,354.8318,352.0087,-0.1889545,-0.03014743,-0.6225985,0.7839746,0.6449044,1.284365,-0.3332744,0.8206644,0.2235083,325.2725,234.6286,3.597522,-0.2320586,0.0256919,-1.096877,-0.8184473,-1.651375,-0.4058703,0.6568373,-0.1613967,0.08308637,34.1515,114.9805,78.42864,
1599.611,-0.005562089,-0.02933293,0.06655182,-0.2845442,0.1105729,-0.09076105,0.1747968,0.4893202,0.2994649,4.464243,354.8159,351.9853,-0.1905365,-0.05580845,-0.5299565,0.4855115,0.1424326,1.32082,-0.3346588,0.8201147,0.2191842,326.5731,234.8365,3.953516,-0.2058666,0.0336354,-0.9044782,-0.5766718,-1.42725,-0.3035221,0.6555835,-0.1606409,0.07661024,34.2922,115.6533,79.33715,
1613.736,-0.007642778,-0.03519636,0.05459428,-0.3265174,0.0943695,-0.08073784,0.1745736,0.4886329,0.2998546,4.793096,354.8269,351.9895,-0.1760464,-0.07185592,-0.431118,-0.04301202,-0.3379775,1.369178,-0.3352925,0.8195284,0.2160126,327.8123,235.3894,5.032704,-0.1649355,0.04170395,-0.7157903,-0.45216,-1.169669,-0.2624393,0.6550893,-0.159863,0.07257026,34.32495,116.2197,79.90832,
1627.627,-0.01109067,-0.0389463,0.04096366,-0.3862776,0.07032061,-0.08015548,0.1742775,0.4881402,0.3000602,5.214184,354.881,351.9868,-0.1464898,-0.07433151,-0.3283621,-0.6083781,-0.6410294,1.342611,-0.3354577,0.8187836,0.2140906,328.6617,236.0353,6.554272,-0.1095375,0.04890643,-0.5268053,-0.3909917,-0.8348607,-0.2002854,0.6566334,-0.1605239,0.0705855,34.19168,116.4302,80.01318,
1641.639,-0.01467177,-0.03908121,0.03032564,-0.4111359,0.03437659,-0.07960387,0.1739663,0.4877909,0.3002085,5.555332,354.9676,351.9909,-0.1191186,-0.0708914,-0.2376999,-0.8609038,-0.7307564,1.219392,-0.3359084,0.8181052,0.2133416,329.193,236.5629,7.718393,-0.04804492,0.04924328,-0.3353463,-0.2906226,-0.4309484,-0.1574932,0.6598458,-0.1624361,0.07045828,34.1199,116.1867,79.55978,
1655.319,-0.01822056,-0.0351021,0.01958626,-0.3839903,-0.01228579,-0.104859,0.1735658,0.487561,0.3002824,5.775385,355.1157,352.0846,-0.09284303,-0.06556177,-0.128311,-0.7847271,-0.724537,0.9165025,-0.3361309,0.8173341,0.2146116,329.3677,237.1258,8.073084,0.01283262,0.0428713,-0.146858,-0.1524882,-0.04230198,-0.1091021,0.6636154,-0.1644585,0.07240181,34.13429,115.5676,78.76327,
1669.369,-0.02092451,-0.0289635,0.01154416,-0.3330027,-0.05213699,-0.13221,0.1731608,0.487389,0.300237,5.937118,355.2702,352.2094,-0.07086134,-0.05752732,-0.03476638,-0.5037125,-0.5882185,0.5398622,-0.3363894,0.8168491,0.2168596,329.2652,237.4689,7.753034,0.06513661,0.03763947,0.03830336,-0.01106406,0.2681965,0.0138774,0.6655877,-0.1642036,0.07756981,34.09944,114.6548,77.91679,
1683.451,-0.02369657,-0.02193419,0.002757113,-0.2667463,-0.08667957,-0.1682402,0.1727313,0.4872368,0.3000357,6.043005,355.4305,352.3755,-0.04519548,-0.04472604,0.07031507,-0.1979471,-0.3461773,0.06790451,-0.3364522,0.816176,0.2208323,328.6517,237.6323,6.987662,0.1089017,0.029248,0.213933,0.1515736,0.5144641,0.2053196,0.6677008,-0.164198,0.08462933,34.05391,113.381,77.04856,
1697.126,-0.02652004,-0.0168595,-0.004787361,-0.210788,-0.1092705,-0.1892715,0.1722777,0.4870979,0.2997896,6.136085,355.5936,352.5217,-0.02125213,-0.0336279,0.1809663,0.05005215,-0.05807873,-0.3891587,-0.3366448,0.8151838,0.2260526,327.6745,237.6867,6.078298,0.1435126,0.01435157,0.4021706,0.3809311,0.7218585,0.4276675,0.6699747,-0.1643941,0.09418295,34.13973,111.7263,76.14716,
1711.077,-0.02981081,-0.01305378,-0.01243306,-0.1546065,-0.1198361,-0.1950454,0.1717826,0.4869753,0.2994112,6.169515,355.7253,352.6584,-0.01060002,-0.03551136,0.2578098,0.1960968,0.08254281,-0.5914575,-0.3368963,0.8140446,0.2316221,326.9753,237.7922,5.32905,0.162804,0.00222606,0.5558249,0.5883691,0.8819737,0.5912591,0.6723068,-0.1645404,0.1045744,34.32534,109.9597,75.19807,
1725.002,-0.03302344,-0.009433086,-0.02055918,-0.116707,-0.1051315,-0.2099099,0.1712413,0.4869324,0.2988918,6.23336,355.815,352.8489,-0.01332685,-0.04977693,0.3513767,0.2374596,-0.05238997,-0.690973,-0.3371023,0.8125855,0.2387707,326.5802,238.5028,4.489509,0.1760892,-0.001262949,0.6790822,0.6969928,1.00501,0.7541518,0.6744787,-0.1642137,0.1162599,34.3976,108.1061,74.26679,
1738.835,-0.03611993,-0.006253608,-0.0282876,-0.08338396,-0.07183918,-0.20417,0.1706405,0.486951,0.2983128,6.271509,355.843,352.9836,-0.0194166,-0.07113643,0.4487262,0.0707469,-0.4164911,-0.7438144,-0.3367633,0.8106158,0.2468319,326.406,239.9505,3.833426,0.1900601,0.01074215,0.83286,0.7170241,1.208047,0.9953966,0.6758458,-0.162534,0.1311389,34.18398,105.8549,73.17429,
1753.007,-0.0390256,-0.003195187,-0.03499367,-0.05610643,-0.02858101,-0.1831463,0.1700727,0.4870396,0.2976667,6.299967,355.7993,353.0861,-0.01923025,-0.09208864,0.544699,-0.1698068,-0.7901773,-0.8332083,-0.3362129,0.8082476,0.2558395,326.1707,241.8281,3.231754,0.1947386,0.02651518,0.9366574,0.621808,1.354604,1.152446,0.677146,-0.161185,0.1459754,33.74794,103.7488,72.15105,
1766.959,-0.04130275,-0.000410835,-0.04034283,-0.0223952,0.008680962,-0.1497107,0.1694453,0.4870876,0.2970021,6.273248,355.7519,353.1522,-0.01338923,-0.1106725,0.6339643,-0.2821915,-1.009965,-1.008957,-0.3357323,0.805796,0.2657202,325.7739,243.8171,2.295122,0.1911408,0.04232461,1.05049,0.5198898,1.514461,1.221098,0.6785092,-0.1600356,0.1629209,33.21944,101.614,71.00108,
1780.788,-0.04276819,0.00195755,-0.04452135,0.005628744,0.0323833,-0.1191631,0.168838,0.4871561,0.2962901,6.24053,355.7003,353.2114,-0.002358377,-0.1292809,0.7124163,-0.2592755,-1.046678,-1.214498,-0.3350408,0.8030711,0.2765289,325.2639,245.6647,1.030028,0.1729987,0.05683205,1.180454,0.5203952,1.746465,1.051788,0.6795059,-0.1587516,0.1820011,32.85835,99.47588,69.31963,
1794.516,-0.04353105,0.003555608,-0.0481608,0.02344186,0.04811166,-0.1045107,0.1682083,0.4872122,0.2955297,6.218354,355.6551,353.2931,0.01131356,-0.1526995,0.7817276,-0.2662059,-1.081236,-1.357903,-0.3340243,0.7998701,0.2878765,324.8154,247.5753,359.7415,0.1493125,0.06828117,1.280358,0.6075885,1.979934,0.7839297,0.6802589,-0.1575017,0.2011508,32.64796,97.2822,67.23944,
1808.63,-0.04367886,0.004678078,-0.0519959,0.0280757,0.07270389,-0.1160631,0.1676202,0.4872708,0.2947058,6.224323,355.5796,353.4391,0.03023756,-0.1826845,0.8402671,-0.4184844,-1.171895,-1.375858,-0.3326101,0.7960935,0.2995826,324.4545,249.5659,358.8119,0.1134428,0.08418886,1.397317,0.7396179,2.216928,0.5380983,0.6803784,-0.1560682,0.2221886,32.47336,94.86955,64.83137,
1822.641,-0.04340357,0.005201952,-0.05525814,0.02967965,0.1027189,-0.1370032,0.1670128,0.4873541,0.2938406,6.243506,355.4885,353.6113,0.05274427,-0.218144,0.8895198,-0.6866674,-1.320483,-1.244457,-0.3308849,0.7916524,0.3117927,324.2076,251.5576,358.4038,0.06575984,0.112338,1.525598,0.7117882,2.356093,0.5423065,0.6793446,-0.1540983,0.2455514,31.95572,92.41806,62.88588,
1836.401,-0.04195277,0.005528335,-0.05842797,0.03199978,0.1467509,-0.1692224,0.1665635,0.4873835,0.2929692,6.258101,355.3296,353.8235,0.07364967,-0.262992,0.9383674,-0.9243044,-1.553393,-1.068883,-0.3289036,0.7864339,0.3247342,324.1652,253.7327,358.1739,0.01118332,0.1472985,1.638372,0.6814616,2.490088,0.572518,0.677278,-0.1513679,0.2698554,31.32585,89.8735,61.00319,
1850.45,-0.03989587,0.005293432,-0.06102485,0.03540278,0.1807594,-0.1810502,0.1661078,0.4874429,0.2920476,6.283164,355.1783,353.9962,0.09435499,-0.3118907,0.9932233,-1.08807,-1.827276,-0.9946681,-0.3266068,0.7806432,0.3382113,324.2246,256.3058,357.7133,-0.05652869,0.18924,1.745919,0.7826,2.629407,0.4560596,0.6743049,-0.1478048,0.2951668,30.84697,87.24509,58.76129,
1864.371,-0.03664994,0.003882988,-0.06348334,0.03304148,0.2035465,-0.1887094,0.1657236,0.4873959,0.2911463,6.308988,355.0253,354.1738,0.1199639,-0.3649912,1.041779,-1.197069,-2.041199,-0.9252297,-0.323826,0.7740309,0.3521571,324.3485,258.9229,357.2375,-0.1294392,0.2429087,1.842271,0.8693725,2.721804,0.2746707,0.6703022,-0.1431154,0.3215736,30.32986,84.73164,56.42225,
1877.925,-0.03301458,0.001819805,-0.06562436,0.02154708,0.2132277,-0.1866238,0.1653681,0.4873514,0.290197,6.362423,354.8842,354.3301,0.1502503,-0.4209417,1.0803,-1.300003,-2.241913,-0.7939553,-0.3205112,0.7666597,0.366255,324.563,261.5421,356.9502,-0.2098936,0.3161881,1.931141,0.9495451,2.854444,0.02830869,0.6646633,-0.1368831,0.3491263,29.64144,82.20093,53.83266,
1892.029,-0.02924324,0.0007176935,-0.0675797,-0.00191755,0.2231968,-0.1859514,0.1650656,0.4873926,0.2892063,6.454375,354.7312,354.4886,0.1806226,-0.4736339,1.104084,-1.387422,-2.483377,-0.5513178,-0.316748,0.7587159,0.3801889,324.9576,264.1384,357.0389,-0.3043289,0.3954157,2.01121,1.156538,2.96931,-0.1983377,0.6576387,-0.1296644,0.3770275,29.0546,79.45528,50.94732,
1905.991,-0.02519289,1.890445E-05,-0.06954836,-0.001433665,0.2391644,-0.1878958,0.1648521,0.4873298,0.2881531,6.480065,354.5502,354.6667,0.218334,-0.5382878,1.125449,-1.524164,-2.863376,-0.1544586,-0.3124182,0.7495009,0.394065,325.5262,266.9556,357.7124,-0.4050232,0.4789352,2.073655,1.277455,2.985737,-0.2774942,0.6491426,-0.120997,0.4056491,28.44614,76.79714,48.39887,
1919.945,-0.0217372,-0.001693742,-0.0711664,-0.001162521,0.2534959,-0.1911928,0.1646873,0.4871293,0.2870865,6.529482,354.3634,354.8454,0.2544324,-0.6067839,1.139722,-1.552995,-3.145546,0.2161654,-0.3079152,0.7391772,0.4082259,326.138,269.6957,358.5494,-0.5194547,0.5846385,2.132913,1.527494,3.196697,-0.4109643,0.6385409,-0.110102,0.4344981,27.6488,73.575,45.26071,
1933.841,-0.01835207,-0.00500448,-0.07434983,-0.02687477,0.2625895,-0.1790794,0.1645425,0.4869274,0.2859223,6.658027,354.1775,354.9608,0.2875447,-0.674377,1.162634,-1.44078,-3.211408,0.2131403,-0.302973,0.7281436,0.4232008,326.7249,272.451,358.6317,-0.6510939,0.6993682,2.178882,1.981823,3.469801,-0.5358595,0.6262878,-0.09804191,0.4626324,26.8558,69.69286,41.46767,
1947.866,-0.01489111,-0.008229289,-0.07799322,-0.07023399,0.268045,-0.160819,0.1644404,0.4867654,0.2847186,6.839886,354.0044,355.0462,0.3232925,-0.743012,1.19148,-1.306919,-3.090207,-0.1382409,-0.297367,0.7161168,0.4385869,327.2605,275.2525,357.788,-0.7834689,0.8003706,2.192054,2.310769,3.56612,-0.4601686,0.6127487,-0.08516318,0.4901596,26.15965,65.83658,38.07572,
1961.772,-0.01122959,-0.01023405,-0.08171117,-0.1119481,0.2706535,-0.1555876,0.1644117,0.4866256,0.28346,7.032436,353.8218,355.1673,0.3657905,-0.8161262,1.21988,-1.259785,-2.959685,-0.6436052,-0.2909994,0.7031182,0.4538177,327.8516,278.3547,356.2633,-0.9222465,0.9047762,2.16529,2.24169,3.622969,-0.2304317,0.5971311,-0.07087329,0.5167102,25.19909,62.27405,35.62338,
1975.546,-0.00597203,-0.01156822,-0.0854332,-0.1273086,0.2990608,-0.1739127,0.1645195,0.4864302,0.2821484,7.207247,353.5756,355.3674,0.4141326,-0.8858286,1.228904,-1.317217,-2.975299,-0.8357885,-0.2842574,0.6895696,0.4681729,328.4723,281.5505,355.1585,-1.033731,0.9877065,2.107538,1.882352,3.627716,-0.02990636,0.5806452,-0.05607309,0.5418746,23.9957,59.19694,34.02172,
1989.598,-0.00113285,-0.01359201,-0.08946201,-0.1219524,0.3360135,-0.1926658,0.1646554,0.4860565,0.2807537,7.346222,353.305,355.5701,0.4516445,-0.9352644,1.206244,-1.326805,-3.058009,-0.5283548,-0.2777094,0.6755348,0.4814511,328.9462,284.2408,355.2487,-1.142308,1.072379,2.033018,1.655484,3.668329,0.04423857,0.562685,-0.03970252,0.5657532,22.67603,56.14122,32.42502,
2003.515,0.002895433,-0.0166278,-0.09429857,-0.1393937,0.3601764,-0.1704547,0.1647956,0.4857629,0.2793199,7.5423,353.0172,355.6241,0.4823689,-0.9985691,1.146876,-1.142117,-2.913157,0.0004847646,-0.2711924,0.6594255,0.4945313,329.1703,285.8664,356.2282,-1.25793,1.164086,1.950402,1.914132,3.818228,0.02648181,0.5434732,-0.02216101,0.5877947,21.32962,52.49834,29.86334,
2017.206,0.005893581,-0.01694223,-0.09788389,-0.1606226,0.3564485,-0.1222317,0.1649506,0.4857207,0.2779156,7.732673,352.7752,355.6103,0.5015848,-1.054058,1.109775,-1.007723,-2.457172,-0.05843332,-0.2641869,0.6431807,0.5082859,329.3761,287.2433,356.03,-1.35192,1.242541,1.866331,2.306929,3.918015,-0.00941819,0.524147,-0.004391616,0.6082812,19.91894,48.71356,26.8843,
2031.17,0.00923831,-0.0134928,-0.09963776,-0.1532915,0.3279457,-0.06149831,0.1651616,0.4857312,0.2765204,7.819412,352.5678,355.5623,0.5403419,-1.139609,1.100816,-1.047979,-1.823881,-0.731464,-0.255078,0.6251543,0.5228655,329.756,288.8767,354.0263,-1.450378,1.321331,1.732385,2.541042,3.890295,0.05536887,0.5031425,0.0145146,0.6262784,18.60344,45.12418,24.169,
2045.178,0.01256054,-0.009135891,-0.09971385,-0.1188161,0.3065693,-0.02740483,0.1653794,0.4856755,0.2751611,7.841561,352.3633,355.563,0.5804823,-1.220893,1.115677,-1.098823,-2.038664,-1.188342,-0.246093,0.6071741,0.5361779,331.0143,291.7435,352.4529,-1.508641,1.366129,1.59458,2.372113,3.731388,0.09104531,0.4821935,0.03323589,0.6427088,17.31178,42.22195,22.40435,
2058.862,0.01615252,-0.005543829,-0.09956858,-0.06985281,0.306138,-0.01475332,0.1656831,0.4855885,0.2737845,7.84627,352.11,355.6183,0.6230695,-1.31858,1.121436,-0.8510517,-3.118282,-1.303969,-0.2374611,0.588307,0.5479546,333.4612,295.5346,352.5697,-1.542761,1.394788,1.467166,2.119776,3.563803,0.05863465,0.4613355,0.05208807,0.6575534,15.97366,39.68609,21.08601,
2072.868,0.01836818,-0.004284317,-0.099723,-0.03869699,0.3150316,-0.003366357,0.1660133,0.4855108,0.2723792,7.863111,351.8381,355.6376,0.6547989,-1.400355,1.082724,-0.05414829,-4.171604,-1.128581,-0.2288263,0.5689991,0.5582403,336.4015,298.7844,354.5358,-1.567069,1.425716,1.292235,1.863998,3.356551,-0.05981064,0.4401371,0.07167878,0.6690569,14.56699,37.55795,20.08792,
2086.813,0.0194672,-0.0020726,-0.09901456,-0.02528821,0.3019677,0.02644732,0.1663387,0.4856528,0.2710896,7.872105,351.6177,355.5721,0.6789215,-1.445314,1.002895,0.7363452,-4.268664,-0.8398585,-0.2190311,0.54918,0.5680347,338.5481,300.6006,356.7916,-1.580812,1.446812,1.156774,1.931951,3.213612,-0.1002606,0.4194157,0.09094009,0.6794362,13.1147,35.27,18.54837,
2100.664,0.01999793,0.002108101,-0.09526039,0.0123889,0.2531523,0.069008,0.166621,0.4858784,0.2700007,7.750446,351.4868,355.4743,0.7168097,-1.479094,0.9374044,0.8456551,-3.740296,-1.060332,-0.2073762,0.5289603,0.5783147,340.3679,302.0331,357.3424,-1.597743,1.467527,0.9804018,2.327517,3.097759,0.08091999,0.3987855,0.1106104,0.6864893,11.80536,32.66108,16.13363,
2114.152,0.02073505,0.008287236,-0.0892337,0.06103914,0.1943238,0.08752754,0.1669069,0.486156,0.2690406,7.596796,351.4162,355.4499,0.7914044,-1.503464,0.9021351,0.08544394,-3.195467,-1.638189,-0.1943764,0.509346,0.5879846,342.0189,304.3703,355.703,-1.605068,1.4754,0.8286111,2.608167,3.036443,0.3302125,0.3788125,0.1296857,0.6923446,10.56039,29.92579,13.68598,
2128.135,0.02210491,0.01307585,-0.08161072,0.1204521,0.166051,0.06069508,0.1672598,0.4863407,0.2681627,7.428771,351.3181,355.5594,0.875126,-1.513746,0.8566191,-0.5911219,-3.04699,-1.972756,-0.1814186,0.4904133,0.595771,343.7204,307.3401,354.1055,-1.597822,1.468934,0.6820458,2.630559,3.015301,0.5458261,0.3595329,0.1484161,0.6964906,9.423114,27.20776,11.6432,
2142.166,0.02257036,0.01392241,-0.07478583,0.1688344,0.1572383,0.03223715,0.1676119,0.4862858,0.26728,7.242166,351.1929,355.6583,0.9296744,-1.498116,0.7733583,-0.5371896,-3.237029,-1.923843,-0.1693758,0.4721485,0.6013008,345.4512,310.1186,354.1822,-1.569688,1.452456,0.5373601,2.52099,2.960129,0.612052,0.3411036,0.1667182,0.6988196,8.240116,24.75303,10.01643,
2155.829,0.02072439,0.01099135,-0.06828085,0.1726429,0.134093,0.04736172,0.1677672,0.4862683,0.2664623,7.135137,351.1158,355.5917,0.9448251,-1.460301,0.6742905,-0.006498709,-3.296831,-1.642846,-0.1576719,0.4543557,0.6058876,346.8003,312.1069,355.5302,-1.529834,1.426097,0.397731,2.366733,2.951803,0.6053344,0.3235224,0.1842466,0.6993836,6.991346,22.33414,8.687698,
2169.921,0.01875916,0.007926904,-0.06295465,0.1369818,0.1003192,0.08034535,0.1679449,0.4863305,0.2657745,7.066366,351.0772,355.464,0.94126,-1.411059,0.56359,0.598912,-3.090095,-1.334168,-0.1453551,0.4365501,0.6097525,347.7811,313.332,357.3596,-1.47875,1.387006,0.263435,2.278484,2.924311,0.6413374,0.3069723,0.2007479,0.6984873,5.763849,19.95566,7.319161,
2183.914,0.01585784,0.005958076,-0.05589326,0.09824545,0.02727781,0.1345384,0.1680833,0.4864341,0.2652295,6.977835,351.1451,355.2596,0.9422274,-1.380864,0.4838514,0.6795103,-2.75724,-1.284913,-0.1327202,0.4188378,0.6134702,348.8789,314.5517,358.2311,-1.422702,1.338609,0.1370881,2.263563,2.915213,0.7121968,0.2912935,0.2161792,0.6961994,4.488077,17.54868,5.843404,
2197.605,0.0141298,0.00362029,-0.04841123,0.08415236,-0.0351449,0.1436617,0.1682681,0.48637,0.2647633,6.886485,351.2364,355.1737,0.9546164,-1.366791,0.4221322,0.2694548,-2.478837,-1.447204,-0.1196991,0.4016099,0.6163081,350.2962,316.0854,357.9389,-1.366981,1.279786,0.0215407,2.236201,2.977336,0.7761987,0.2765617,0.2303662,0.6928456,3.175142,14.99618,4.439496,
2211.675,0.01362932,0.0001293761,-0.04177618,0.07934854,-0.05352271,0.08826753,0.1685205,0.486094,0.2643192,6.840861,351.2929,355.2607,0.9635667,-1.353584,0.3572007,-0.04898393,-2.440387,-1.651753,-0.1077618,0.3851916,0.6175875,352.0023,318.0401,357.6818,-1.3046,1.211898,-0.08393681,2.191704,3.023055,0.7414178,0.2629608,0.2432152,0.6884876,1.749429,12.4997,3.288767,
2225.65,0.01298564,-0.00625361,-0.0357329,0.07272065,-0.03625361,0.02494584,0.1687443,0.4856518,0.2639682,6.834455,351.2839,355.3673,0.9419817,-1.323045,0.2692003,0.2458157,-2.306685,-1.731651,-0.09661593,0.3692722,0.6175985,353.5078,319.3678,358.665,-1.215552,1.117201,-0.1915459,2.112143,2.922757,0.5637619,0.2507886,0.2539243,0.6828747,0.2506554,10.4053,2.544334,
2239.351,0.01091906,-0.01295635,-0.0294098,0.03814619,-0.00765917,0.007865871,0.1688887,0.4852489,0.2636973,6.878983,351.2303,355.3391,0.9067367,-1.280668,0.1845464,0.7369052,-2.002572,-1.75708,-0.08528762,0.3535698,0.6170065,354.8118,320.0644,0.3139121,-1.130062,1.01185,-0.2699922,1.904933,2.715672,0.3656586,0.2391358,0.2632771,0.6771335,359.0278,8.66805,2.174873,
2253.515,0.007431348,-0.01867488,-0.02292021,-0.007658354,-0.006236952,0.06492631,0.1688993,0.4848472,0.2635469,6.90024,351.2054,355.102,0.8928936,-1.242769,0.1278742,0.7916451,-1.790117,-1.730835,-0.0733445,0.3383028,0.6167868,356.0263,320.9612,1.319187,-1.053396,0.8963777,-0.3315523,1.657775,2.583002,0.1627181,0.2285294,0.2710086,0.6712649,358.0009,6.901241,2.101056,
2267.497,0.004015775,-0.02445269,-0.01708616,-0.07840145,-0.02818692,0.1245471,0.1688856,0.484309,0.2633898,7.021512,351.2369,354.8522,0.9037584,-1.197868,0.09863833,0.2614869,-1.76778,-1.553158,-0.06138185,0.32427,0.6165457,357.0374,322.4059,0.9630002,-0.9729375,0.7761329,-0.3771851,1.460538,2.356106,-0.08374625,0.2187992,0.2770711,0.6651456,356.9885,5.445518,2.320438,
2281.373,0.002005137,-0.02986117,-0.01429613,-0.1515679,-0.02989376,0.1276812,0.1688567,0.4837561,0.2631515,7.253203,351.2383,354.7162,0.9027153,-1.148355,0.06819203,-0.2560875,-1.738296,-1.334866,-0.05067212,0.3113805,0.6154726,357.9171,323.8693,0.1603328,-0.8943195,0.6540134,-0.4061084,1.31504,2.110795,-0.2313809,0.2096781,0.2815521,0.6590362,356.0537,4.214891,2.534739,
2295.084,0.000659911,-0.03512917,-0.01287515,-0.2092773,0.01378597,0.05223285,0.1689092,0.4831905,0.2629188,7.533772,351.1668,354.7962,0.8521903,-1.075705,0.0166083,-0.2905872,-1.557223,-1.188755,-0.04223076,0.2999474,0.6133996,358.6308,324.816,0.08994602,-0.8258179,0.5275488,-0.4194411,1.162519,1.96062,-0.2830971,0.2014126,0.2841527,0.6532136,355.2885,2.9276,2.670087,
2309.183,-0.001531241,-0.03677969,-0.01178967,-0.2233963,0.03840227,0.01134943,0.1688851,0.4827147,0.2627521,7.715042,351.121,354.784,0.7363095,-0.9779369,-0.04955924,0.2802599,-1.039526,-1.229656,-0.03587838,0.289707,0.6108536,359.2792,324.6622,1.502693,-0.7629947,0.3985521,-0.4168335,0.9698262,1.860484,-0.3934243,0.1940394,0.285221,0.6480732,354.7291,1.581004,3.038153,
2323.121,-0.005076193,-0.03444322,-0.008669824,-0.2009919,0.01585234,0.02664351,0.168686,0.4824155,0.262791,7.76183,351.1639,354.6517,0.6529385,-0.9075336,-0.07962176,0.5583316,-0.7036353,-1.294946,-0.02901432,0.2798237,0.6091822,0.08753883,324.6138,2.727526,-0.6974607,0.2887843,-0.401408,0.7874509,1.597982,-0.5735144,0.1874713,0.2853877,0.6434296,354.3,0.680878,3.728629,
2336.805,-0.007755907,-0.0291128,-0.004908272,-0.1478352,-0.02686106,0.03847684,0.168501,0.4821595,0.2628199,7.734559,351.2584,354.5993,0.5874806,-0.8324618,-0.08576877,0.3914523,-0.6158295,-1.337725,-0.02278445,0.2716333,0.6079748,1.151931,324.9693,3.113012,-0.5996304,0.1529783,-0.3624617,0.5496845,1.122713,-0.8518417,0.1821684,0.2836979,0.6397186,354.1752,0.455472,4.910417,
2350.914,-0.009841702,-0.02399937,-0.002274057,-0.09037761,-0.06340992,0.02521852,0.168295,0.4818914,0.2628199,7.695994,351.3664,354.6102,0.5394621,-0.7500908,-0.07567808,0.07534403,-0.7544872,-1.313994,-0.01752095,0.2652099,0.6070945,2.247342,325.8402,2.964415,-0.5282279,0.06663243,-0.3240489,0.4018216,0.8222368,-0.9827656,0.1773773,0.2822133,0.6364966,354.0404,0.1736246,5.928277,
2364.633,-0.01268982,-0.02007243,-0.001592824,-0.04328193,-0.08761068,-0.001669695,0.1680114,0.4816477,0.2627029,7.688859,351.4738,354.662,0.478932,-0.6459759,-0.06727724,-0.01772418,-0.812379,-1.191508,-0.01377534,0.2604183,0.6059765,2.988697,326.6412,3.033305,-0.4395956,-0.0293515,-0.2653748,0.1291454,0.6270814,-0.8282694,0.1739905,0.2798363,0.6344747,354.3955,359.9525,6.349987,
2378.381,-0.01592647,-0.01793839,-0.003156064,-0.02570927,-0.09377509,-0.030962,0.1676748,0.4813968,0.2625371,7.701272,351.5644,354.7338,0.39891,-0.525503,-0.07127991,0.08988379,-0.6003434,-0.9209741,-0.0107569,0.2567506,0.604571,3.134099,326.7885,3.364648,-0.3622755,-0.09899795,-0.2015511,-0.1670401,0.6131499,-0.4420026,0.1715116,0.277413,0.6334373,355.0109,359.5056,6.012538,
2392.476,-0.01924502,-0.01576929,-0.006695059,-0.01822926,-0.07725853,-0.06711689,0.1673626,0.4812711,0.2622679,7.744221,351.6127,354.8337,0.326657,-0.4076898,-0.07262397,0.09037527,-0.4003437,-0.5619161,-0.007933008,0.2541698,0.6035324,2.934127,326.7401,3.374955,-0.3058534,-0.1380493,-0.1518548,-0.3922597,0.5574617,-0.2530254,0.1693555,0.2752076,0.6327812,355.6844,359.119,5.847191,
2406.483,-0.02221299,-0.01357052,-0.01059502,-0.01670579,-0.05161183,-0.08408715,0.1670049,0.4811801,0.2620074,7.78163,351.6316,354.9093,0.2808779,-0.3191675,-0.06319772,-0.03231685,-0.3678209,-0.2951181,-0.005404251,0.252203,0.6029847,2.796742,326.933,3.04334,-0.2346783,-0.1616484,-0.09616293,-0.5380875,0.3394565,-0.2435845,0.1681455,0.2735086,0.6329126,356.3955,359.136,6.018518,
2420.48,-0.02492011,-0.01048092,-0.01395714,-0.01136302,-0.02658698,-0.08343486,0.1666175,0.4812002,0.2617121,7.796452,351.6219,354.9588,0.2384579,-0.2343612,-0.04445242,-0.194214,-0.4466593,-0.1233157,-0.003691237,0.2514151,0.6028376,2.773517,327.3734,2.508747,-0.1595757,-0.1537996,-0.04981665,-0.4523776,0.02285253,-0.294193,0.1675474,0.2723681,0.6331428,356.6676,359.6132,6.386802,
2434.263,-0.02677625,-0.005564469,-0.0164413,0.006105827,-0.003195947,-0.07889805,0.1662324,0.4813339,0.2614136,7.774162,351.6031,355.0301,0.1975318,-0.1612022,-0.0230303,-0.2602467,-0.5518534,-0.07515179,-0.00287535,0.2514751,0.6029145,2.88717,327.9785,2.152821,-0.09685504,-0.120648,-0.01374688,-0.2092303,-0.2116457,-0.3941604,0.1672587,0.2718549,0.6336533,356.4601,0.1661674,6.927379,
2448.34,-0.02767031,-0.0002325447,-0.01784794,0.04277261,0.01328489,-0.06364503,0.1658194,0.4814467,0.2611517,7.673501,351.5771,355.0799,0.1477163,-0.09501848,-0.009067435,-0.1954069,-0.5376825,-0.1039946,-0.00280598,0.2521596,0.6028498,3.031502,328.3863,2.149508,-0.05475992,-0.07719257,0.01705351,0.01926071,-0.2652598,-0.4735175,0.167287,0.2719263,0.6346368,356.0544,0.4527682,7.471214,
2462.281,-0.02802951,0.005215751,-0.01896275,0.07682979,0.02808141,-0.04863731,0.165462,0.4816584,0.2608714,7.570357,351.5274,355.1393,0.09595242,-0.03003125,-0.002532277,-0.09442496,-0.4560717,-0.05706038,-0.00319694,0.2534831,0.6027375,2.955922,328.6119,2.220697,-0.01941825,-0.03490416,0.04759926,0.1299301,-0.2677599,-0.4903211,0.1678655,0.2726201,0.6362166,355.7589,0.6425793,7.914057,
2475.999,-0.02780446,0.009293547,-0.02016247,0.11297,0.04525495,-0.02755134,0.1651057,0.4818286,0.2605546,7.436435,351.4568,355.1702,0.04686224,0.02849708,-1.740642E-05,-0.02325549,-0.3485622,0.0586663,-0.003990026,0.2551176,0.6026286,2.67917,328.6945,2.205135,0.01287593,0.005287103,0.07916839,0.1138505,-0.2075775,-0.4073813,0.1690636,0.2739571,0.6382592,355.6959,0.6862623,8.095427,
2490.119,-0.027715,0.01112545,-0.02159332,0.1285172,0.05682214,-0.002483788,0.1647064,0.4819653,0.2602116,7.317743,351.3855,355.1693,0.0004932816,0.07376513,0.0008602628,0.00749222,-0.2548691,0.1686791,-0.005424047,0.2569074,0.6025791,2.354754,328.7217,2.111985,0.05531074,0.05235481,0.1157678,0.08761513,-0.1924655,-0.3786644,0.1712669,0.2760762,0.6411804,355.6891,0.7544147,8.337373,
2504.177,-0.02719364,0.01262098,-0.02349003,0.1279694,0.07388478,0.01137286,0.1644011,0.4821662,0.2597904,7.231783,351.2807,355.1835,-0.04676868,0.100352,0.002829919,0.01695347,-0.2132263,0.1887886,-0.007704616,0.2586086,0.6026292,2.168802,328.8059,2.045324,0.1111239,0.1007465,0.1488634,0.1275235,-0.4502486,-0.4829997,0.1737139,0.2790651,0.6440001,355.6049,1.483893,8.954555,
2517.829,-0.0264552,0.01280878,-0.02464248,0.1365454,0.0849894,0.01273193,0.1640742,0.4822721,0.2594209,7.121729,351.2025,355.2419,-0.09889805,0.1104288,0.004983135,0.0779519,-0.2011927,0.1105485,-0.01104567,0.2600831,0.6026804,2.133997,328.9654,2.206566,0.1655803,0.1606204,0.1774375,0.2168104,-0.6283771,-0.5424889,0.1769043,0.283195,0.6471209,355.3657,2.254777,9.542941,
2531.921,-0.02570554,0.01207756,-0.02562629,0.1356046,0.08694078,0.02107028,0.163704,0.4823573,0.2590449,7.017423,351.1285,355.2323,-0.1595805,0.1041445,0.002216034,0.1784,-0.1488733,-0.04914382,-0.01532353,0.2610883,0.6025068,2.269385,329.0326,2.630082,0.2195706,0.2367532,0.2019496,0.3624261,-0.7349648,-0.5148419,0.1808719,0.288654,0.6505284,354.9123,3.045408,9.93203,
2545.949,-0.02481791,0.01095798,-0.02641357,0.1263692,0.08210591,0.02934011,0.163403,0.4824697,0.2586632,6.93892,351.0627,355.2277,-0.2282063,0.08269377,-0.004332207,0.3475347,-0.05211516,-0.2539093,-0.02067013,0.2613,0.6021369,2.494784,328.9885,3.410856,0.2689777,0.3259518,0.2216872,0.5399927,-0.7566197,-0.5188192,0.185486,0.2954491,0.6541136,354.241,3.732282,10.3346,
2559.798,-0.02389964,0.009557137,-0.02616473,0.115891,0.06993571,0.0329131,0.16311,0.4825742,0.2583326,6.86179,351.0166,355.2276,-0.2975917,0.03854082,-0.00951869,0.4606344,-0.01530379,-0.4985367,-0.02711606,0.2604411,0.6019754,2.955829,329.0431,4.300456,0.3166656,0.4271445,0.2352806,0.7893378,-0.7683562,-0.6177254,0.1907235,0.3036354,0.6578167,353.2141,4.415097,10.93189,
2573.464,-0.0225113,0.009842612,-0.0246548,0.106483,0.05576538,0.03166511,0.1628202,0.4828525,0.2580909,6.797199,351.0033,355.2367,-0.3798658,-0.02925139,-0.01374041,0.469274,0.1186407,-0.7741758,-0.03504102,0.2582052,0.6019126,3.7367,328.8582,5.190791,0.3656839,0.5372264,0.2433386,1.097691,-0.8331984,-0.8394019,0.1965661,0.3131795,0.6615544,351.7953,5.225984,11.86086,
2587.613,-0.02098298,0.01134238,-0.0216753,0.1136973,0.03501664,0.03143796,0.1625932,0.4830715,0.2579487,6.66456,351.0046,355.2397,-0.4626316,-0.1019697,-0.0212678,0.3705899,0.3738209,-0.9770049,-0.04367481,0.2551445,0.6017728,4.698197,328.233,5.892914,0.4140238,0.6501802,0.2500087,1.362651,-0.9131009,-1.161057,0.2032941,0.3242814,0.6656362,350.1642,6.025242,13.18833,
2601.318,-0.01963674,0.01403929,-0.01694835,0.128732,0.006036499,0.02639355,0.1623923,0.4833321,0.2578678,6.536819,351.0442,355.2758,-0.5814745,-0.2022308,-0.04170416,0.1574338,0.8671197,-1.057953,-0.05410676,0.2500868,0.601295,5.717846,326.7458,6.260698,0.4758302,0.7652744,0.2531716,1.610271,-1.104971,-1.438535,0.2110717,0.3368692,0.6696246,348.3655,7.136178,14.64581,
2615.123,-0.01814742,0.01644885,-0.01230516,0.136182,-0.01387661,0.008002408,0.1621973,0.4835722,0.2578412,6.432045,351.0937,355.3311,-0.6603308,-0.2750465,-0.06187436,-0.03018927,1.206314,-0.9857111,-0.06411096,0.2446315,0.600597,6.467863,325.1938,6.368748,0.5370532,0.8630409,0.2523969,1.779024,-1.288982,-1.533866,0.2195512,0.3503434,0.6735466,346.6103,8.437215,15.83908,
2629.221,-0.01696832,0.01789437,-0.007575776,0.1393176,-0.03241052,-0.01739968,0.1619707,0.4838361,0.2578746,6.342456,351.1581,355.4273,-0.739743,-0.3758781,-0.08600163,-0.2829803,1.424747,-0.8698347,-0.07531364,0.2368969,0.5996182,7.171816,323.5778,6.09086,0.6321583,0.9972696,0.2473502,1.865109,-1.422547,-1.334142,0.2299981,0.3669675,0.6772136,345.102,9.988836,16.32976,
2643.314,-0.01526761,0.01829815,-0.002616989,0.1443643,-0.04522292,-0.05230502,0.1618067,0.4840617,0.2580062,6.246585,351.2317,355.5694,-0.793954,-0.4713297,-0.1095728,-0.5336272,1.494656,-0.8131886,-0.08680435,0.2281223,0.5981621,7.967142,322.139,5.611007,0.6931029,1.098505,0.2351006,1.859953,-1.358147,-1.132177,0.2404707,0.383966,0.6805942,343.7512,11.16927,16.59472,
2656.99,-0.01270744,0.01840143,0.003075722,0.1500055,-0.05145385,-0.09585881,0.1617212,0.4843293,0.2582645,6.15983,351.3087,355.746,-0.827794,-0.5456761,-0.1330192,-0.7285511,1.531486,-0.8484346,-0.09824863,0.2192045,0.596479,8.962883,320.7112,5.061531,0.7479938,1.20089,0.2175186,1.80918,-1.257989,-0.9845691,0.2516897,0.4025976,0.6834457,342.4852,12.21089,16.8025,
2671.106,-0.009923312,0.01906861,0.009501129,0.1582159,-0.06017684,-0.1238967,0.1616975,0.4846612,0.2585967,6.059812,351.3975,355.9074,-0.8781507,-0.6603026,-0.1759454,-0.9385245,1.573995,-0.9646825,-0.1112501,0.2078196,0.5936822,10.24687,319.2034,4.309309,0.8066633,1.312134,0.1907452,1.772787,-1.146983,-0.9038428,0.2642831,0.4232414,0.6856647,341.2014,13.13251,17.00607,
2685.097,-0.008483664,0.02063446,0.01667248,0.1597639,-0.0784119,-0.1146942,0.1615368,0.4850397,0.2590699,5.948267,351.5047,355.9739,-0.9166576,-0.733943,-0.2200149,-0.9862769,1.675025,-1.012323,-0.1242499,0.1965812,0.5902927,11.37002,317.574,3.775567,0.8708305,1.417891,0.1492666,1.950077,-1.124454,-0.8744714,0.2776413,0.444484,0.6870112,339.4622,14.38582,17.03012,
2698.77,-0.008481119,0.02367218,0.02566235,0.1636005,-0.08817033,-0.06672537,0.1613607,0.485568,0.2597002,5.794918,351.5568,355.9553,-0.9620826,-0.8092049,-0.281894,-0.949499,1.8358,-1.034531,-0.1380722,0.1840084,0.5854298,12.44056,315.7526,3.421533,0.9574658,1.541908,0.08064091,2.369862,-1.285255,-0.9403158,0.2924553,0.467344,0.6871688,337.0434,16.33397,16.91372,
2713.003,-0.008562833,0.02776893,0.03448671,0.1858586,-0.0661621,-0.04819681,0.1612402,0.4861037,0.2604768,5.601014,351.5547,356.0513,-1.005195,-0.8854693,-0.3591647,-0.9446933,2.033816,-1.136826,-0.1523125,0.1704721,0.5792575,13.76899,313.7245,3.010836,1.051333,1.666165,-0.01867205,2.95942,-1.748621,-1.214553,0.3077454,0.4909858,0.6859261,333.8524,19.20097,17.04392,
2726.869,-0.008720389,0.03261847,0.04568919,0.233371,-0.02831561,-0.04071508,0.161097,0.4866394,0.2614546,5.348792,351.5052,356.1586,-1.037962,-0.9701021,-0.4466428,-0.9251837,2.25535,-1.418107,-0.1667489,0.1562479,0.5721279,15.73122,311.5852,2.598625,1.097916,1.727403,-0.09539074,3.210023,-2.083941,-1.417845,0.3223545,0.5138419,0.6844267,330.9644,21.94789,17.27127,
2740.691,-0.008343413,0.03632714,0.05627907,0.2758896,0.01415867,-0.04473807,0.160992,0.4871546,0.26255,5.09366,351.4263,356.3082,-1.057779,-1.046054,-0.5344539,-0.8610991,2.448876,-1.689016,-0.1813913,0.1414778,0.5639216,17.96857,309.4695,2.222468,1.124654,1.764497,-0.175836,3.26702,-2.303862,-1.554101,0.3372481,0.5368438,0.6815485,328.2852,24.564,17.52425,
2754.455,-0.007806918,0.03984315,0.06616243,0.2939332,0.04726263,-0.05599672,0.1609045,0.4877967,0.2636971,4.886773,351.3434,356.4497,-1.068778,-1.099936,-0.6260499,-0.9270304,2.614093,-1.801405,-0.1957768,0.1265548,0.5545338,20.01675,307.1003,1.428754,1.129682,1.76921,-0.2457254,3.129488,-2.372882,-1.57688,0.3518713,0.5593413,0.677871,326.0313,26.84325,17.76059,
2768.489,-0.007173324,0.04188941,0.07509053,0.305982,0.07262374,-0.05607038,0.1608113,0.4883966,0.2649518,4.659145,351.2474,356.5647,-1.073463,-1.123999,-0.7184552,-1.176511,2.68514,-1.724195,-0.2098316,0.1117835,0.5440536,21.48554,304.4148,359.9588,1.120052,1.742431,-0.3049269,2.743185,-2.314889,-1.451867,0.3665502,0.5813665,0.6733423,324.5124,28.5417,18.18251,
2782.52,-0.006579813,0.04273686,0.08248266,0.3046399,0.09824124,-0.06094805,0.1607216,0.4889849,0.2662801,4.467359,351.1329,356.7108,-1.07277,-1.127124,-0.8122388,-1.491821,2.714362,-1.565919,-0.223558,0.09695947,0.5323852,22.42859,301.4452,358.0293,1.105288,1.705158,-0.3570359,2.456198,-2.263508,-1.350439,0.3807473,0.6025025,0.6683624,323.0339,30.19665,18.58224,
2796.141,-0.006036237,0.04298948,0.09010649,0.3009906,0.1307037,-0.07702865,0.1606453,0.4896376,0.267695,4.296795,350.9864,356.8862,-1.063064,-1.127442,-0.8991419,-1.694872,2.697322,-1.459474,-0.2371137,0.08187926,0.5197719,23.21801,298.5333,356.0342,1.082697,1.657396,-0.4088274,2.271224,-2.342538,-1.337011,0.3946953,0.6222538,0.6628681,321.3997,31.88437,19.22627,
2810.306,-0.005414516,0.04334711,0.0967501,0.3075344,0.1674626,-0.08784565,0.1606052,0.4902022,0.2691998,4.075925,350.7947,357.066,-1.045185,-1.132438,-0.9824308,-1.813475,2.694005,-1.443599,-0.2503451,0.06642617,0.5061043,24.03434,295.6126,353.9322,1.055677,1.59135,-0.4500107,2.09261,-2.731554,-1.330284,0.4081473,0.6407798,0.6572524,319.8037,33.61603,20.77364,
2824.369,-0.005116392,0.04299337,0.1028724,0.3163758,0.2005947,-0.08720934,0.1604992,0.490716,0.2707813,3.854247,350.5912,357.2222,-1.017233,-1.147843,-1.065199,-1.822602,2.753343,-1.551631,-0.2630764,0.05073808,0.4914579,25.13918,292.6368,351.6976,1.028408,1.517918,-0.4855147,2.000347,-3.247951,-1.337012,0.4215232,0.6584129,0.6511106,318.1511,35.37095,23.01163,
2838.092,-0.004530959,0.04185555,0.1080731,0.3139269,0.2293246,-0.08236259,0.1604216,0.4912159,0.2724178,3.656244,350.3707,357.3582,-0.977011,-1.171637,-1.150645,-1.652062,2.922912,-1.6994,-0.2752174,0.03491865,0.4756238,26.71261,289.6006,349.5712,1.006949,1.444189,-0.5280795,2.084762,-3.687649,-1.374715,0.4348371,0.6747698,0.6441835,316.2978,37.39362,25.28487,
2852.004,-0.00414332,0.04052199,0.1129049,0.3050289,0.246595,-0.07718191,0.1603396,0.491766,0.2741073,3.484156,350.1591,357.4917,-0.9265712,-1.194296,-1.235198,-1.373893,3.129921,-1.750072,-0.2868151,0.01900233,0.4586828,28.54446,286.5756,347.6922,0.9890122,1.362111,-0.5680746,2.151793,-3.952681,-1.327335,0.4480967,0.689943,0.6365351,314.6989,39.32319,27.5992,
2866.112,-0.003081191,0.04015321,0.1168974,0.2928363,0.2626052,-0.07023179,0.1603234,0.4923476,0.2758396,3.30651,349.9297,357.6233,-0.8795708,-1.200457,-1.312301,-1.261632,3.333999,-1.722048,-0.2977497,0.003482018,0.4410485,30.15948,283.2075,345.5534,0.9753239,1.276977,-0.6176652,2.259597,-4.024999,-1.227722,0.4610098,0.7042872,0.6277333,313.3626,41.42233,29.58816,
2879.948,-0.002424534,0.03908296,0.121257,0.2950841,0.2690653,-0.06274517,0.1602877,0.4927922,0.2776462,3.091547,349.7143,357.7593,-0.8147401,-1.178782,-1.422929,-1.411134,3.57982,-1.68858,-0.3070832,-0.01127629,0.4214039,31.27505,279.07,342.7243,0.9612775,1.195417,-0.675411,2.338919,-3.87426,-1.119748,0.4737138,0.7177511,0.6179215,312.2671,43.58489,31.04161,
2893.843,-0.002116665,0.03733017,0.123891,0.2848841,0.2659234,-0.0519868,0.160212,0.4932675,0.2793792,2.929821,349.5207,357.8455,-0.745775,-1.137845,-1.503734,-1.526245,3.650359,-1.556932,-0.3153595,-0.02533657,0.4017817,31.91708,275.074,340.0374,0.9382846,1.108386,-0.7434056,2.382992,-3.606583,-1.006693,0.485676,0.7302335,0.6069995,311.4119,45.7919,32.08895,
2907.931,-0.001881957,0.03406545,0.1256971,0.2579125,0.2536162,-0.04572897,0.1601975,0.493607,0.281131,2.803734,349.346,357.9391,-0.6785061,-1.096918,-1.55143,-1.530551,3.578472,-1.363206,-0.3228887,-0.03913254,0.3820163,32.34728,271.4992,337.768,0.9087908,1.035801,-0.8009119,2.394931,-3.326078,-0.9352469,0.4970987,0.7420093,0.5956899,310.6344,47.96496,32.94158,
2922.066,-0.001223017,0.02960076,0.1263268,0.2243272,0.2389999,-0.05870978,0.1602044,0.4938582,0.282868,2.736028,349.1924,358.0675,-0.5967555,-1.059398,-1.592092,-1.454617,3.451904,-1.192849,-0.3291968,-0.05288918,0.3614114,32.74485,268.2485,335.7045,0.8797482,0.9685816,-0.8616815,2.458938,-3.013463,-0.906315,0.5079431,0.753365,0.5835792,309.9992,50.49056,33.287,
2935.787,-0.0004734434,0.02467368,0.1260436,0.1840658,0.2256231,-0.08029375,0.1602279,0.4940231,0.2846114,2.71731,349.0407,358.2133,-0.5159636,-1.027113,-1.637062,-1.458339,3.421712,-1.175713,-0.3345564,-0.06650283,0.3399418,32.96368,264.7096,333.1671,0.8445915,0.9112338,-0.9210577,2.462097,-2.589055,-0.9333377,0.5179226,0.7640923,0.5708805,309.4587,53.22311,32.91369,
2949.954,0.000481762,0.01795004,0.1249325,0.135303,0.2150905,-0.1078527,0.160197,0.4940989,0.2862864,2.754716,348.8996,358.3409,-0.435442,-0.9790857,-1.694938,-1.654812,3.498342,-1.431463,-0.338468,-0.07929356,0.3178571,32.41394,260.5769,329.5682,0.80849,0.8542404,-0.9703069,2.359715,-2.013736,-0.8831531,0.5274078,0.7743542,0.5575221,309.3436,55.83461,31.90559,
2963.924,0.0005515143,0.01048517,0.1228385,0.08065162,0.2089383,-0.1285303,0.1601642,0.4939496,0.2879463,2.834098,348.7532,358.4662,-0.3492005,-0.916311,-1.752122,-1.860055,3.663896,-1.759017,-0.3408742,-0.09133752,0.2955371,31.18777,256.2328,325.4397,0.7714896,0.8013301,-1.023268,2.245537,-1.266049,-0.9387117,0.5359493,0.7842296,0.5434083,309.478,58.84142,29.6127,
2977.721,0.0001613498,0.003732947,0.1201079,0.01085616,0.2058133,-0.1370402,0.1600989,0.4938021,0.2895127,3.005185,348.6089,358.5287,-0.2514318,-0.8659401,-1.788729,-1.795062,3.809628,-1.799554,-0.3420864,-0.103065,0.2731035,30.24202,252.2712,321.791,0.7290419,0.7499198,-1.074321,2.029618,-0.3353794,-1.132504,0.5437697,0.7933112,0.5286807,309.7965,61.93394,25.9371,
2991.839,-0.0001779497,-0.003207022,0.1160485,-0.06982803,0.2025155,-0.1451222,0.1600869,0.4936438,0.2910111,3.230351,348.4636,358.5866,-0.1472285,-0.8342046,-1.808155,-1.59615,3.858007,-1.436954,-0.3422289,-0.1144217,0.2502162,29.93213,248.6183,319.0924,0.6896024,0.6922604,-1.113685,1.85994,0.6015601,-1.423098,0.5511723,0.8016168,0.5139602,310.4517,65.09563,21.23338,
3005.936,-0.0005666614,-0.009793046,0.1123435,-0.1287354,0.2001801,-0.1495716,0.1600617,0.4933595,0.2924579,3.465949,348.3242,358.6317,-0.03192711,-0.8045521,-1.831211,-1.516101,3.924293,-0.8931861,-0.3405413,-0.1251097,0.226659,29.91378,244.7207,316.9338,0.6505123,0.6296548,-1.131263,1.764947,1.289903,-1.781919,0.5579675,0.8089991,0.4998502,311.2487,68.18999,16.21559,
3019.855,-0.001029115,-0.01491885,0.1082833,-0.182566,0.1991507,-0.1413528,0.1599948,0.4930765,0.2938339,3.720358,348.1747,358.6247,0.09875095,-0.7703199,-1.859155,-1.6212,4.111545,-0.3880069,-0.3372203,-0.1352954,0.2032577,29.86407,240.2084,314.7349,0.609463,0.5619621,-1.125276,1.71237,1.591159,-2.101379,0.5642531,0.8151621,0.4864887,311.9866,71.09687,11.55343,
3033.599,-0.001695253,-0.01894693,0.1040903,-0.2144525,0.2015004,-0.140589,0.159962,0.4928081,0.2952155,3.954869,348.0168,358.6725,0.233469,-0.7314892,-1.869524,-1.834018,4.377005,-0.02072341,-0.3324258,-0.1450364,0.1810484,29.59528,235.1643,312.2542,0.5560755,0.4828572,-1.086291,1.634828,1.499133,-2.234646,0.5695328,0.8199836,0.4746376,312.5311,73.68946,7.815938,
3047.646,-0.002307773,-0.02048003,0.1007879,-0.2187089,0.2045127,-0.130351,0.1598711,0.4925458,0.2965547,4.143916,347.8656,358.6805,0.3601911,-0.70244,-1.830284,-1.862062,4.452032,0.3597072,-0.3265576,-0.1542006,0.1605239,29.71447,230.4285,309.7441,0.5005169,0.4144518,-1.025434,1.513074,1.118497,-2.114118,0.574248,0.8240418,0.4640259,312.8209,75.89124,5.282298,
3061.636,-0.003681615,-0.01944845,0.097152,-0.2122176,0.1988552,-0.1066907,0.1597449,0.4924241,0.2978186,4.303506,347.7229,358.6613,0.4598644,-0.6893847,-1.761235,-1.842422,4.276454,0.8480098,-0.3205195,-0.1629876,0.1407667,30.50957,226.1485,307.6341,0.4470834,0.3446212,-0.9422222,1.415639,0.6651055,-1.754939,0.5786003,0.8270566,0.4548756,313.0675,77.67968,3.878795,
3075.292,-0.004237667,-0.01706522,0.09407309,-0.183356,0.1955234,-0.09323417,0.159705,0.492247,0.2990302,4.41252,347.5795,358.6936,0.5600303,-0.6622604,-1.654499,-1.900296,3.940142,1.402648,-0.31353,-0.1702813,0.1221234,31.97893,222.1301,305.9505,0.3978666,0.2782675,-0.8379273,1.339058,0.3019856,-1.222724,0.5821853,0.8295795,0.4472829,313.4565,78.87597,3.532934,
3089.393,-0.005119782,-0.01473009,0.09035407,-0.164629,0.176112,-0.0655481,0.1595734,0.4919989,0.3001677,4.503678,347.4814,358.6469,0.6171076,-0.5913547,-1.562639,-2.082523,3.636882,1.35774,-0.3061602,-0.176123,0.1047408,32.22245,218.3672,304.4107,0.344641,0.2213716,-0.7303106,1.216436,0.01631841,-0.7367117,0.5850496,0.8315542,0.4406822,313.7482,79.62256,3.761346,
3103.432,-0.007145476,-0.01405887,0.08547594,-0.1688383,0.140117,-0.03013327,0.1593277,0.4917859,0.3011739,4.632519,347.4372,358.5482,0.6411812,-0.5047392,-1.477709,-2.011253,3.438568,0.9796253,-0.298715,-0.1811389,0.08882337,31.50769,215.1429,302.6196,0.287809,0.17775,-0.6256765,1.03803,-0.1841314,-0.3622962,0.5872472,0.8330885,0.435137,313.8777,80.02635,4.241769,
3117.07,-0.008464325,-0.01432646,0.07818778,-0.1774355,0.1078698,-0.02539914,0.1591893,0.4916237,0.30203,4.793544,347.3987,358.5291,0.6494799,-0.3939302,-1.350578,-1.593566,3.424235,0.5765538,-0.2915173,-0.1849052,0.07602306,30.17684,212.4216,300.1486,0.2350789,0.1440725,-0.5334266,0.9436606,-0.3557799,-0.1145473,0.588927,0.8344982,0.4304927,313.9778,80.52003,4.72294,
3131.117,-0.009435114,-0.01481899,0.0711705,-0.1760365,0.0768579,-0.03857577,0.1589987,0.4914255,0.3027751,4.943381,347.3945,358.5244,0.6402563,-0.3346263,-1.233392,-1.355543,3.229145,0.6053644,-0.2852532,-0.188507,0.06395411,29.65121,209.8421,298.0259,0.1904083,0.1247272,-0.465516,0.927575,-0.5385255,-0.007870421,0.5899745,0.8358226,0.4266175,313.9879,81.34863,5.02178,
3145.141,-0.009714324,-0.01455705,0.06294374,-0.1727313,0.05225532,-0.05710982,0.1588584,0.4912516,0.3033902,5.092722,347.3988,358.548,0.6092594,-0.2784226,-1.086959,-1.24632,2.7391,0.7004997,-0.2796009,-0.1908661,0.05379162,29.68922,207.9061,296.7844,0.1247723,0.1085734,-0.3804827,0.8397917,-0.750242,0.0420391,0.5896389,0.8368006,0.4242347,313.6768,82.14722,5.38517,
3158.935,-0.009384006,-0.01439655,0.05400106,-0.1617419,0.02866184,-0.07409643,0.1587574,0.4910547,0.3038644,5.224741,347.4276,358.5765,0.5473377,-0.2146958,-0.9192635,-1.147655,2.168873,0.6394705,-0.274922,-0.1924172,0.0461218,29.69657,206.6013,296.2255,0.05530172,0.09668736,-0.2932549,0.5787436,-0.7405784,-0.002304375,0.5885527,0.8376134,0.4228317,313.2461,82.53829,5.446542,
3173.224,-0.008518102,-0.01363216,0.04455792,-0.1511772,0.00407079,-0.08556772,0.1586457,0.4909953,0.3042383,5.350118,347.4766,358.6055,0.4984115,-0.1780609,-0.8150491,-1.009724,1.882337,0.5741378,-0.2706614,-0.1941312,0.03869923,29.4994,205.2585,295.3652,0.006660171,0.08552042,-0.2204701,0.2725815,-0.5242428,-0.03323905,0.587522,0.8382605,0.4218182,312.9828,82.38349,5.41402,
3187.03,-0.006824387,-0.01097517,0.03584419,-0.1149174,-0.001212419,-0.09487548,0.1586146,0.4910152,0.3044856,5.402673,347.4906,358.6794,0.4201053,-0.1305524,-0.6739587,-0.6812615,1.632689,0.4573661,-0.2679242,-0.1950163,0.03422439,29.17136,204.5726,294.4734,-0.04833489,0.06802463,-0.1192768,-0.1205781,-0.2048701,-0.01794262,0.5858957,0.8385723,0.4224301,312.7472,81.47118,5.522603,
3200.897,-0.005938108,-0.007968403,0.02825973,-0.06670441,0.0009941581,-0.08080982,0.1585761,0.4909382,0.3046319,5.371935,347.4766,358.7192,0.3327215,-0.09692127,-0.5366799,-0.359761,1.398449,0.3852765,-0.267623,-0.1977913,0.03081218,28.94642,204.1996,293.6406,-0.08585177,0.05194419,-0.0357595,-0.3271087,-0.07076694,0.02391093,0.5841184,0.838702,0.4238035,312.5034,80.7122,5.779941,
3214.586,-0.004350426,-0.005829968,0.01903387,-0.02725707,0.0171789,-0.06099485,0.1585871,0.4907931,0.3045955,5.352073,347.4353,358.7483,0.2418579,-0.06847581,-0.400935,-0.1427936,1.156564,0.3139235,-0.268669,-0.2005288,0.02895008,28.79394,204.0053,293.0473,-0.1118769,0.0374373,0.03122036,-0.4234579,-0.05771748,0.0679996,0.5820923,0.8384674,0.4259089,312.2065,80.09435,6.129636,
3228.719,-0.002495967,-0.006104426,0.009414528,-0.02315535,0.0344337,-0.04922458,0.1585901,0.4907786,0.3048296,5.403988,347.3744,358.7576,0.1445333,-0.0466406,-0.259178,0.01717395,0.8444001,0.2607624,-0.2704895,-0.2021041,0.02933775,28.83403,204.0938,292.7686,-0.1338401,0.02048638,0.1063074,-0.4861187,-0.06777032,0.1180331,0.5801136,0.8381563,0.4291349,311.8995,79.41808,6.588306,
3242.747,0.0002237259,-0.007916588,-0.001445442,-0.04827792,0.05746996,-0.04749059,0.1587065,0.4906861,0.304544,5.518059,347.2917,358.7632,0.04147576,-0.02811526,-0.1098794,0.175782,0.444476,0.2244845,-0.27274,-0.2017436,0.03205433,29.13571,204.6057,292.8304,-0.1450749,0.0002853284,0.1721342,-0.4296191,-0.04647345,0.09045648,0.5778147,0.8374245,0.4334808,311.7536,79.15848,6.705139,
3256.816,0.003443486,-0.010054,-0.01287166,-0.07729619,0.08435696,-0.04939883,0.1588739,0.490514,0.3040446,5.642548,347.1776,358.7718,-0.06289706,-0.007429365,0.03880493,0.3362153,0.03907007,0.140922,-0.2760296,-0.2009325,0.03653616,29.49289,205.5384,293.2182,-0.1562891,-0.02258783,0.2408454,-0.4247731,0.030333,0.05281981,0.5754111,0.8362981,0.4386589,311.667,78.77478,6.741296,
3270.546,0.006610638,-0.01136103,-0.02389809,-0.1001033,0.1090338,-0.03999854,0.1592164,0.4903184,0.302952,5.757319,347.0542,358.7366,-0.1611093,0.01855727,0.1830345,0.4553741,-0.2909538,0.03309814,-0.2802725,-0.199604,0.04288958,29.78845,206.6594,293.774,-0.175332,-0.0534663,0.3276091,-0.4780038,0.1098113,0.07778424,0.5724291,0.834366,0.4455427,311.577,78.10477,6.975879,
3284.429,0.008906854,-0.01096403,-0.03431958,-0.1104205,0.1177684,-0.005589315,0.1593657,0.4902199,0.3022502,5.810381,346.9475,358.6467,-0.2483147,0.04877011,0.323079,0.454782,-0.5851908,-0.05742297,-0.2853817,-0.1977151,0.05104318,30.09132,207.8045,294.5959,-0.1945215,-0.08093973,0.4010412,-0.5682309,0.1625544,0.1782954,0.5692903,0.8323228,0.4527441,311.4892,77.05445,7.585965,
3298.086,0.01019584,-0.009475617,-0.0418832,-0.1130797,0.1185519,0.03109257,0.1595935,0.4901689,0.3014411,5.850463,346.8302,358.5236,-0.3276559,0.08143002,0.4631178,0.3397973,-0.9441879,-0.1519013,-0.2911981,-0.1953669,0.06099512,30.44275,209.1601,295.9611,-0.2295729,-0.119566,0.5006731,-0.7677299,0.1872015,0.3158471,0.5653824,0.8293107,0.4617408,311.2727,75.44547,8.622207,
3312.216,0.01208272,-0.008028625,-0.05079217,-0.1077399,0.1160244,0.05796288,0.1598859,0.4900325,0.3005118,5.886315,346.7304,358.4375,-0.3976345,0.1109428,0.6075958,0.1899048,-1.376148,-0.1600016,-0.2973421,-0.1925661,0.07284614,31.01116,210.8188,297.8257,-0.260126,-0.1588446,0.5850372,-0.9536326,0.2566644,0.3903487,0.5613763,0.8257503,0.4712734,311.0992,73.69634,9.613161,
3326.194,0.01433798,-0.007832537,-0.05872316,-0.1063517,0.1042475,0.07206328,0.1601767,0.4898945,0.2994862,5.935163,346.6568,358.335,-0.4563888,0.1369804,0.7571868,0.1243327,-1.836506,-0.0940517,-0.3037344,-0.1894832,0.08640046,31.77812,212.9521,300.0168,-0.2870508,-0.2049825,0.6641766,-1.098437,0.3854604,0.4170584,0.5570593,0.8214155,0.4816732,311.0623,71.87233,10.48596,
3339.878,0.01674548,-0.008596463,-0.06693772,-0.1136306,0.07692618,0.07177391,0.1604869,0.489738,0.2983579,6.015529,346.632,358.2454,-0.497192,0.1644832,0.9016877,0.2032666,-2.156562,-0.04261482,-0.3099516,-0.1860447,0.1015955,32.45574,215.3855,302.0896,-0.3122378,-0.2592179,0.7366861,-1.211285,0.5871544,0.3835718,0.5523628,0.8161172,0.4928509,311.1758,70.04105,11.09306,
3353.664,0.01865326,-0.01102717,-0.07387542,-0.1226259,0.04261474,0.06388421,0.1607989,0.4894002,0.2971228,6.101113,346.6518,358.167,-0.5158312,0.1925393,1.035676,0.343613,-2.33086,0.02404498,-0.3159459,-0.1821161,0.1182278,33.09159,217.8621,303.9295,-0.33674,-0.3217406,0.8045241,-1.300564,0.8466743,0.3402194,0.5472522,0.8097533,0.5047675,311.4749,68.13846,11.50523,
3367.83,0.02115989,-0.01514901,-0.08146581,-0.1457399,0.01345598,0.04195864,0.1611494,0.4890498,0.2957867,6.256937,346.6831,358.0999,-0.5192646,0.2302597,1.156724,0.4299303,-2.447214,0.0296873,-0.3217072,-0.1774346,0.1361559,33.54506,220.3973,305.7858,-0.3701389,-0.3912825,0.8743162,-1.432395,0.990128,0.4412142,0.5414942,0.802352,0.5174323,311.8658,65.77927,12.46107,
3381.813,0.02285178,-0.01851179,-0.08847824,-0.1788749,-0.006902678,0.01514819,0.1615143,0.4887871,0.2943889,6.449365,346.7049,358.0378,-0.5127954,0.2751509,1.271024,0.4369993,-2.595801,0.06150103,-0.3270207,-0.171978,0.1554652,33.93603,223.0865,307.8776,-0.4143849,-0.4623199,0.9343075,-1.577857,0.919042,0.5986371,0.5349772,0.7940784,0.5303913,312.146,63.17817,14.00643,
3395.539,0.02339776,-0.01996488,-0.093206,-0.1947435,-0.01832599,0.02227048,0.1618131,0.4885022,0.2930006,6.569189,346.7225,357.9013,-0.4914557,0.3230699,1.38453,0.3882811,-2.801988,0.2590002,-0.3310908,-0.1647945,0.1765512,34.54977,225.9889,310.3662,-0.4641536,-0.530441,0.9740834,-1.708048,0.8187769,0.6208805,0.5277249,0.7848605,0.5433709,312.2707,60.66915,15.46115,
3409.698,0.02324663,-0.02186857,-0.09704471,-0.1982095,-0.03921726,0.05000841,0.1621744,0.4880779,0.2915571,6.668086,346.7586,357.7431,-0.4555043,0.3752791,1.493651,0.3127775,-2.993142,0.5844706,-0.3339101,-0.1560005,0.1991024,35.33769,229.0544,313.2106,-0.5126914,-0.5993096,0.9938928,-1.801268,0.943657,0.4810584,0.5199187,0.7745516,0.5560412,312.462,58.33299,16.2239,
3423.698,0.02284089,-0.02503341,-0.1008035,-0.2265616,-0.0763239,0.08000215,0.1624642,0.4875723,0.2900295,6.83326,346.862,357.5093,-0.4157402,0.4247408,1.581907,0.2829109,-3.123323,0.9459038,-0.3361917,-0.1466592,0.2218258,36.20877,232.2959,316.2588,-0.5601763,-0.6739979,0.9989347,-1.897666,1.396754,0.2479362,0.5114987,0.7632041,0.5681925,312.9388,55.93419,16.1335,
3437.253,0.0220683,-0.02988417,-0.1050698,-0.2773933,-0.1281589,0.1025464,0.1627262,0.4869721,0.2884327,7.056647,347.0182,357.2451,-0.370838,0.4813954,1.657904,0.2856547,-3.194688,1.26954,-0.3384945,-0.1372419,0.2445841,37.02089,235.7118,319.465,-0.6158203,-0.7717085,0.9954562,-2.015457,2.01028,0.1233845,0.5023179,0.7499822,0.5798671,313.8658,53.16685,15.752,
3451.351,0.019949,-0.03448989,-0.108848,-0.3412009,-0.191447,0.1324672,0.1628855,0.4864672,0.2868568,7.316769,347.2312,356.9023,-0.3022155,0.5768698,1.741644,0.3020313,-3.247416,1.518579,-0.3391498,-0.1251002,0.2689932,37.62334,239.3244,322.7966,-0.6655484,-0.8623749,0.9771739,-2.021697,2.256814,0.1822116,0.4925564,0.7360657,0.5908719,314.9011,50.5519,15.81021,
3465.324,0.01595557,-0.03608838,-0.1113282,-0.3853641,-0.2581351,0.1598075,0.162889,0.4861012,0.2853096,7.541215,347.4942,356.5551,-0.2420474,0.6683576,1.79668,0.3253336,-3.27503,1.676511,-0.3393671,-0.1124292,0.2929458,37.93553,243.0173,326.1002,-0.7194595,-0.9578409,0.9408739,-2.044979,2.285154,0.2708092,0.4817837,0.7206222,0.6009222,315.9049,47.96887,16.1888,
3479.007,0.01138858,-0.03354194,-0.1113842,-0.377526,-0.3017562,0.1637508,0.1628891,0.4859343,0.2838261,7.696881,347.7486,356.3175,-0.1677725,0.7937078,1.863002,0.3466077,-3.513066,1.951101,-0.3381492,-0.097444,0.3175845,37.97873,247.597,330.1706,-0.7798839,-1.05976,0.8954626,-2.238227,2.344268,0.2769658,0.4707162,0.7035973,0.6099263,316.8799,44.86456,16.79278,
3493.098,0.007958837,-0.02816327,-0.1100371,-0.3049534,-0.3139005,0.113302,0.1630332,0.4856704,0.2823879,7.755851,347.9865,356.3086,-0.08334035,0.931614,1.922988,0.3512576,-3.919165,2.33262,-0.3351256,-0.08135399,0.3416535,37.49335,253.1437,335.0207,-0.833731,-1.160628,0.839492,-2.432099,2.472082,0.1873477,0.4595988,0.6856065,0.6179507,317.8449,41.56308,17.27798,
3507.039,0.005804159,-0.02369223,-0.1083636,-0.2201408,-0.3147821,0.05825704,0.1631357,0.4853152,0.2809088,7.775131,348.2386,356.3077,0.02006578,1.056297,1.956813,0.4958874,-4.22481,2.602981,-0.3308719,-0.0650461,0.3650216,36.65478,258.8561,339.5366,-0.8639718,-1.240448,0.7802632,-2.423814,2.712307,0.07340652,0.4486727,0.6671129,0.6251498,318.875,38.64746,17.10765,
3520.953,0.004994448,-0.02123796,-0.1084412,-0.1682269,-0.3197472,0.01900752,0.163213,0.4849815,0.279322,7.840908,348.5051,356.2725,0.1381892,1.162621,1.948636,0.6307913,-4.344034,2.593889,-0.3250766,-0.04788652,0.3874299,35.48739,263.9611,343.083,-0.8788062,-1.337074,0.6998528,-2.216019,3.107205,-0.009720206,0.43787,0.6466201,0.6313556,320.0267,36.19699,16.04324,
3534.669,0.005849876,-0.02150552,-0.1090538,-0.1375842,-0.3104645,-0.02835659,0.163311,0.4846542,0.2777835,7.931834,348.7561,356.321,0.2581672,1.254691,1.906117,0.6134598,-4.379438,2.458914,-0.3178958,-0.03009653,0.4087992,33.93172,268.4388,345.9188,-0.8866335,-1.406596,0.6535006,-2.08022,3.197204,0.06719366,0.426703,0.6262451,0.6379647,321.3278,33.88414,15.37214,
3548.729,0.008541066,-0.02116126,-0.1096198,-0.09793208,-0.2740593,-0.09167186,0.1635728,0.4843788,0.2762458,7.992753,348.9373,356.4789,0.3765653,1.32711,1.842991,0.6115031,-4.308204,2.437644,-0.3094362,-0.0117863,0.4289059,32.37219,272.6202,348.5819,-0.9001368,-1.480444,0.610469,-1.953285,2.916101,0.1643338,0.4144325,0.6042798,0.6442778,322.4557,31.9998,15.21195,
3562.571,0.01099104,-0.01956326,-0.108743,-0.06282965,-0.2324658,-0.113896,0.1638134,0.4842245,0.2748503,8.012337,349.0715,356.553,0.4875279,1.384183,1.766529,0.6351926,-4.139994,2.583515,-0.2998158,0.007040383,0.4478178,30.80625,276.608,351.3527,-0.9460266,-1.56792,0.5872406,-2.287714,2.626218,0.2745073,0.4011243,0.5811996,0.6502737,324.0114,29.1658,16.07123,
3576.217,0.01377231,-0.01790285,-0.1070911,-0.03197784,-0.1879728,-0.09952529,0.1641139,0.4839667,0.2734294,7.998002,349.1566,356.5706,0.5929164,1.419206,1.682421,0.8422879,-3.795447,2.876775,-0.2888654,0.02602281,0.4655219,29.53662,280.4657,354.4516,-0.9921907,-1.644802,0.5701416,-2.739158,2.561965,0.3841829,0.3883832,0.5582722,0.6557891,326.0739,25.84241,16.92525,
3590.356,0.01606759,-0.01841803,-0.1061625,-0.03958947,-0.1612296,-0.06714106,0.1644251,0.4835996,0.2719413,8.048392,349.2384,356.5128,0.6922727,1.4382,1.60138,1.211869,-3.445611,3.171295,-0.2771001,0.04482765,0.4821517,28.40212,284.4669,357.7893,-1.019021,-1.704405,0.5403887,-3.016983,2.55388,0.5668116,0.3758675,0.5355771,0.6604611,328.4601,22.88906,17.34136,
3604.275,0.01911519,-0.02154758,-0.1063098,-0.07839142,-0.1442926,-0.02158839,0.1647926,0.4831784,0.2703966,8.167381,349.316,356.3857,0.7826091,1.448612,1.521141,1.5127,-3.218032,3.240157,-0.2645161,0.06349894,0.498153,27.12498,288.3372,0.6851894,-1.014773,-1.729241,0.4801543,-2.761437,2.573132,0.7339234,0.3635959,0.5130814,0.6639873,330.3313,21.06086,16.74348,
3618.026,0.02173351,-0.02404883,-0.1064453,-0.1354887,-0.1385939,0.01618123,0.1651615,0.4828644,0.2689294,8.330249,349.3981,356.2293,0.8620405,1.452614,1.441257,1.608258,-3.189362,3.063232,-0.2510412,0.08198766,0.5130228,25.57671,291.9468,2.733153,-1.004355,-1.740961,0.4154852,-2.395108,2.707741,0.9899356,0.3509301,0.4901294,0.6668849,332.1185,19.71942,15.38014,
3631.937,0.02389061,-0.02423836,-0.1053157,-0.1615026,-0.1362693,0.05388314,0.1655817,0.482622,0.2675475,8.415916,349.4675,356.0591,0.9356557,1.450752,1.351769,1.470603,-3.192844,2.763306,-0.2366458,0.1005697,0.5270067,23.91579,294.9853,3.939973,-1.008883,-1.758831,0.3631184,-2.339311,2.91888,1.336725,0.3383825,0.4675808,0.6694057,334.4943,18.02578,13.86213,
3646.06,0.0258159,-0.02295861,-0.102509,-0.1575213,-0.1401172,0.09591238,0.1659894,0.4822802,0.2662563,8.434294,349.5481,355.8736,1.008127,1.4458,1.260363,1.364549,-3.166931,2.593982,-0.2212176,0.1189161,0.5394789,22.1802,297.9026,5.05427,-1.024393,-1.776025,0.310673,-2.55534,3.093449,1.685369,0.325496,0.4455489,0.6708886,337.4347,15.96432,12.44474,
3659.798,0.02660169,-0.02185332,-0.09961534,-0.1545669,-0.1514304,0.119232,0.1663473,0.4820367,0.2649805,8.497564,349.6578,355.6972,1.083561,1.441243,1.17213,1.449621,-3.124124,2.632419,-0.205166,0.1369974,0.5508224,20.33236,301.0428,6.505634,-1.042599,-1.769866,0.2456931,-2.787835,3.332503,1.952189,0.3131939,0.4249623,0.6712915,340.5353,13.56427,10.83338,
3673.466,0.02712896,-0.02023776,-0.09581713,-0.1493332,-0.1626834,0.1120591,0.1667385,0.4818552,0.2637858,8.557932,349.7801,355.5962,1.148301,1.437563,1.095801,1.58259,-3.098328,2.788085,-0.1887998,0.1543886,0.5610866,18.19623,304.2964,8.062204,-1.038456,-1.720822,0.1644805,-2.63775,3.449258,2.167617,0.3012865,0.4054475,0.6704016,343.0314,11.64268,8.76311,
3687.538,0.02764978,-0.01822556,-0.09083293,-0.122625,-0.1660266,0.09131334,0.1671509,0.4817257,0.2627371,8.571683,349.9015,355.5395,1.211274,1.422992,1.015911,1.637814,-3.154535,2.88108,-0.1718201,0.1708913,0.5701065,15.89772,307.5504,9.2251,-1.010776,-1.648145,0.07869256,-2.271066,3.234499,2.232548,0.2897081,0.3866756,0.6687211,344.8452,10.38286,6.862872,
3701.479,0.02820995,-0.01396273,-0.0838756,-0.0802669,-0.1717521,0.05476977,0.1675623,0.4816453,0.2617947,8.545445,350.0539,355.5592,1.280026,1.367109,0.9051298,1.521335,-3.330192,2.751348,-0.1539996,0.1859225,0.5772034,13.81712,310.7314,9.579381,-0.9688476,-1.564079,0.0001576245,-1.926536,2.686575,2.174253,0.2776594,0.3686807,0.6664403,346.3261,9.832463,5.44127,
3715.132,0.02885933,-0.01194228,-0.0766253,-0.02386087,-0.1778632,0.03247239,0.1679661,0.4814014,0.2609887,8.445493,350.2047,355.57,1.314581,1.303639,0.8128037,1.306792,-3.398499,2.562033,-0.1370777,0.2000202,0.5836666,11.98345,313.5658,9.501377,-0.9582297,-1.496075,-0.04343066,-1.883308,2.400793,1.993269,0.2655992,0.3522611,0.6644113,348.0223,8.731128,4.418335,
3729.19,0.03025093,-0.009970998,-0.06885766,0.001896979,-0.1733366,-0.008521453,0.1684768,0.4813359,0.2601988,8.461316,350.3395,355.648,1.329067,1.215566,0.7044187,1.073016,-3.356693,2.363882,-0.1202813,0.2125919,0.5884998,10.37316,316.0821,9.185879,-0.9537144,-1.385372,-0.09393424,-1.838204,2.260688,1.597739,0.2541247,0.3377278,0.6614206,349.3803,7.237964,3.892427,
3743.216,0.03194904,-0.008968271,-0.06193013,0.007267833,-0.1679634,-0.03467801,0.168936,0.4812208,0.2595575,8.46569,350.4845,355.6825,1.319309,1.103613,0.587747,1.027227,-3.217572,2.143214,-0.1043624,0.2233397,0.5919104,9.045012,318.4964,9.151608,-0.9316577,-1.277801,-0.1342961,-1.757081,2.107621,1.277618,0.2435957,0.3245025,0.6583579,350.6095,5.850338,3.445046,
3756.915,0.03254952,-0.008337832,-0.05462308,0.005683464,-0.173682,-0.04060431,0.1693171,0.4811403,0.2590423,8.454229,350.6383,355.6848,1.291261,1.016898,0.5002525,1.016144,-3.023428,2.018515,-0.08966486,0.2332809,0.5949454,7.670937,320.7193,9.192285,-0.8925632,-1.178974,-0.1595562,-1.689813,1.941744,1.123558,0.2340138,0.3128328,0.6554486,351.8663,4.686283,2.874741,
3771.04,0.0329733,-0.006731114,-0.04742235,0.01336048,-0.1593464,-0.0413048,0.1697657,0.4811605,0.2585943,8.420779,350.7317,355.7143,1.228973,0.9114047,0.4040589,0.9143266,-2.70872,1.893011,-0.07622133,0.2413517,0.5968824,6.428517,322.3981,9.102838,-0.819454,-1.047517,-0.1784386,-1.523882,1.681395,1.074936,0.2262044,0.3036978,0.6525657,352.8839,3.968732,2.175497,
3784.986,0.03294135,-0.004984287,-0.04033068,0.037122,-0.1300682,-0.03341482,0.1701885,0.4811359,0.2582546,8.349967,350.7804,355.7404,1.146885,0.800661,0.3224517,0.7714982,-2.386046,1.766173,-0.0641379,0.2479226,0.5984976,5.310231,323.761,8.886412,-0.7137164,-0.8889207,-0.1891746,-1.240744,1.329971,1.167533,0.2196839,0.2965325,0.6496804,353.5705,3.812186,1.146264,
3798.611,0.03242341,-0.003950931,-0.03381173,0.0448518,-0.1075935,-0.009041159,0.1706514,0.4810142,0.2579072,8.291669,350.8094,355.6956,1.054109,0.6804905,0.2584194,0.6439503,-2.095537,1.519106,-0.05330535,0.2529604,0.5998553,4.589096,324.9361,8.694496,-0.6384295,-0.7754016,-0.1888492,-1.108544,1.116494,1.191006,0.2135652,0.2900667,0.647157,354.3677,3.514639,0.2171497,
3812.785,0.03157034,-0.004090649,-0.02884367,0.02243234,-0.09718125,0.03418036,0.1710377,0.4809349,0.2575902,8.295877,350.8495,355.5727,0.9620496,0.5545242,0.2124497,0.5312418,-1.919302,1.155807,-0.04365145,0.2566592,0.6011382,4.360707,326.1441,8.555554,-0.5572048,-0.6498068,-0.1799991,-1.007587,0.9690208,1.184714,0.2087644,0.2856894,0.6450295,355.1179,3.19533,359.3346,
3826.555,0.03052693,-0.004421866,-0.02557967,-0.01026389,-0.08968899,0.06897806,0.1714005,0.4808901,0.2572904,8.326443,350.872,355.4304,0.8721207,0.4370561,0.1785722,0.4069655,-1.794886,0.8268386,-0.03515245,0.2593278,0.6022089,4.349959,327.324,8.386518,-0.4737279,-0.5098963,-0.1631523,-0.8842698,0.8800501,1.103549,0.2050567,0.2832776,0.6432805,355.6954,2.792555,358.6112,
3840.477,0.02892329,-0.004553162,-0.02250736,-0.02958748,-0.07826198,0.08641732,0.1717661,0.4808407,0.2570466,8.338055,350.8832,355.3363,0.7802945,0.3328049,0.1497701,0.3016187,-1.666906,0.5786151,-0.02794985,0.2610538,0.6029772,4.395568,328.3982,8.228252,-0.3964304,-0.386481,-0.1461746,-0.6703159,0.7379552,0.9817408,0.2022661,0.2816895,0.6418362,355.9323,2.545143,358.0318,
3854.199,0.02778794,-0.004199455,-0.02020101,-0.03225698,-0.0632275,0.08286098,0.1721325,0.4807681,0.256836,8.339168,350.8981,355.2863,0.6801229,0.2465744,0.1196075,0.1940491,-1.439016,0.4488633,-0.02205788,0.2620529,0.6033537,4.351007,329.1123,8.025052,-0.3134411,-0.2720872,-0.1270732,-0.4095444,0.4775205,0.8184186,0.2001024,0.2808641,0.6406096,355.8408,2.68701,357.6623,
3868.285,0.02715059,-0.003112907,-0.01736301,-0.02839006,-0.04283264,0.06205997,0.1725441,0.4808392,0.2566938,8.345887,350.8867,355.2809,0.5768512,0.1752189,0.08970419,0.08338975,-1.125636,0.4070642,-0.01709277,0.2624007,0.6035843,4.208014,329.4124,7.75755,-0.2374972,-0.178188,-0.1034768,-0.234214,0.202516,0.631376,0.1985338,0.2807274,0.6399469,355.7278,3.039027,357.5049,
3882.334,0.0272118,-0.001105412,-0.01448348,-0.006988323,-0.02706684,0.0370966,0.1729676,0.4809536,0.2565856,8.31138,350.8878,355.3126,0.483387,0.1113696,0.06805736,-0.04365098,-0.8628752,0.3419076,-0.01287581,0.2622041,0.603888,4.189322,329.5605,7.431819,-0.1796993,-0.1027614,-0.07896006,-0.1367646,0.04383688,0.4249395,0.1971717,0.2812042,0.6394873,355.6514,3.293973,357.5499,
3895.976,0.02708915,0.001267451,-0.01124759,0.01978947,-0.02644481,0.025011,0.1733384,0.4809523,0.2565209,8.241455,350.9187,355.3139,0.4073597,0.05584638,0.05883029,-0.1485701,-0.7744892,0.2201882,-0.009502847,0.2618033,0.6043578,4.385464,329.9362,7.118621,-0.1417804,-0.04271366,-0.0561603,-0.0864459,0.05960105,0.2122304,0.1963278,0.2821033,0.6394047,355.6096,3.188301,357.7493,
3910.063,0.02694939,0.001950985,-0.009681057,0.02599056,-0.03589343,0.0245119,0.1736858,0.4809289,0.2563975,8.212679,350.9648,355.2868,0.3405028,0.008585507,0.0557282,-0.1583412,-0.7820503,-0.002842818,-0.007199034,0.2612376,0.6048467,4.835543,330.5389,7.084935,-0.1086871,0.00728858,-0.03712991,-0.003785318,0.08136479,0.004789235,0.1959012,0.2832322,0.6394057,355.4271,3.023191,358.0942,
3924.167,0.02635089,0.001648691,-0.009272931,0.009794642,-0.05274241,0.0286455,0.1739875,0.4809394,0.2562296,8.230072,351.0311,355.2372,0.2805365,-0.02042375,0.05242557,-0.1322227,-0.7220963,-0.2058932,-0.005564904,0.2607424,0.6052327,5.348298,331.0136,7.227177,-0.07648478,0.04178393,-0.0181672,0.0362734,0.08573977,-0.178537,0.1959766,0.2844026,0.6398137,355.2743,2.866485,358.5482,
3937.859,0.02593925,0.0007794406,-0.00936793,0.004207159,-0.06821211,0.03254853,0.1742745,0.4809534,0.2560719,8.216482,351.1002,355.1881,0.2075696,-0.04050975,0.04552753,-0.1346702,-0.5683424,-0.390426,-0.005051985,0.2604088,0.6054894,5.975326,331.2064,7.43806,-0.03814062,0.06692629,0.001792544,0.06502269,-0.01957551,-0.3567432,0.1965942,0.2857283,0.6405094,355.1024,2.960633,359.1589,
3951.992,0.02593586,0.0002575882,-0.009898261,0.001943142,-0.07584894,0.01282103,0.1746463,0.4808935,0.2558707,8.218874,351.1744,355.2299,0.1345238,-0.03484336,0.03435559,-0.1431125,-0.3190302,-0.3781259,-0.005007962,0.2607704,0.6055727,6.27906,331.0052,7.502192,0.005920649,0.08763544,0.01923759,0.1406672,-0.1936788,-0.5081916,0.1977157,0.2870497,0.6412765,354.7675,3.304771,359.8537,
3965.973,0.02659565,-0.000614708,-0.01122347,0.00262427,-0.0726252,-0.01316209,0.1750264,0.4808334,0.2556604,8.224094,351.2384,355.2792,0.07495238,-0.01138583,0.02576565,-0.1106094,-0.147901,-0.2988144,-0.005253691,0.261691,0.6055838,6.361446,330.8071,7.552117,0.0594669,0.1033043,0.03570843,0.2372532,-0.4110128,-0.6123123,0.1995933,0.2882901,0.6422584,354.3066,3.883618,0.5535932,
3979.825,0.02684177,-0.001272668,-0.0131636,-1.140812E-05,-0.0667275,-0.0230276,0.1753971,0.4808396,0.2553679,8.238536,351.2786,355.2937,0.03059806,0.02235687,0.02492675,-0.0331206,-0.1248345,-0.2682141,-0.00615594,0.2633667,0.6058547,6.442988,330.8983,7.719569,0.1010419,0.104458,0.04878825,0.2609909,-0.4490159,-0.5732856,0.2018954,0.2891635,0.6432946,353.9965,4.237143,0.9567549,
3993.578,0.02687925,-0.001322505,-0.01565513,-0.003658646,-0.05657642,-0.01542358,0.1757689,0.4808323,0.2550585,8.24173,351.2962,355.2756,-0.009490793,0.06746709,0.02721511,0.0257766,-0.1440952,-0.2270612,-0.007699454,0.2659793,0.6061712,6.483713,331.0872,7.86091,0.1403607,0.08964562,0.06255777,0.1992618,-0.3823825,-0.4229295,0.2049506,0.2895567,0.6447365,353.9278,4.409769,1.048259,
4007.604,0.02694266,-0.0009495762,-0.01777596,0.002057934,-0.04527254,-0.003983761,0.1761707,0.4808098,0.2547233,8.208253,351.3068,355.2621,-0.05506424,0.1309389,0.0272064,0.06029397,-0.06945512,-0.04465524,-0.009750582,0.2697159,0.6064721,6.187699,331.0212,7.819074,0.1864333,0.06060582,0.07807273,0.08944134,-0.3796541,-0.2408345,0.2086495,0.2892116,0.6463582,354.059,4.721556,0.9679909,
4021.612,0.02692293,8.897111E-05,-0.01959394,0.01950298,-0.0406056,0.01684023,0.176528,0.4808742,0.2544269,8.144608,351.3217,355.2162,-0.100601,0.2137623,0.02903053,0.033635,0.03636523,0.3325809,-0.01215296,0.2746974,0.6069145,5.392678,330.7404,7.362123,0.2312024,0.01760613,0.09573164,-0.04402958,-0.3864931,-0.07452404,0.2127162,0.2880682,0.6483099,354.3563,5.075384,0.8107693,
4035.252,0.02645573,0.001565405,-0.02082709,0.03634692,-0.0419194,0.03563794,0.1768741,0.4809079,0.2541143,8.05751,351.3412,355.1734,-0.1393222,0.2924779,0.03248048,-0.05629585,0.1341407,0.6872331,-0.01486826,0.2805845,0.6074321,4.449698,330.3569,6.612712,0.2743483,-0.03977861,0.1177571,-0.2171088,-0.425864,0.04572049,0.2173645,0.2858359,0.6507472,354.8628,5.505754,0.6831861,
4049.319,0.02681483,0.003323841,-0.02213191,0.05731241,-0.03573123,0.0345384,0.177305,0.4809637,0.2537827,7.973107,351.353,355.1887,-0.1885493,0.4027804,0.04092612,-0.1743364,0.1916009,1.04521,-0.01869356,0.2888672,0.6080703,3.318303,329.9882,5.580497,0.3186743,-0.1109177,0.1425523,-0.4214097,-0.4999424,0.1228742,0.2225993,0.282499,0.6535627,355.5906,6.04435,0.6249089,
4063.38,0.0279227,0.004597189,-0.02316626,0.07524257,-0.02933783,0.01704786,0.1777742,0.481094,0.2534568,7.901649,351.3673,355.246,-0.2341045,0.5033621,0.04600498,-0.1985327,0.1643165,1.233876,-0.0234036,0.2980873,0.6084403,2.272889,329.871,4.746469,0.3651164,-0.1899451,0.1684365,-0.615633,-0.6052969,0.1273693,0.2285456,0.2779637,0.6568035,356.4381,6.687921,0.736707,
4076.891,0.03016604,0.006089371,-0.02375865,0.09557426,-0.02100242,-0.00723009,0.1782851,0.4811919,0.2531543,7.80213,351.3793,355.3187,-0.2835789,0.5952153,0.04157348,-0.1766807,0.2014982,1.378743,-0.02895289,0.3082482,0.6085175,1.129097,329.6795,3.996286,0.4181705,-0.27396,0.1920508,-0.7941558,-0.7622828,0.07159653,0.2353267,0.2723151,0.660216,357.3704,7.519193,1.057256,
4091.121,0.0319219,0.007771356,-0.02368263,0.1045585,-0.02330725,-0.01995584,0.178767,0.4813804,0.2528548,7.727575,351.4179,355.3731,-0.3694059,0.7284082,0.01869585,-0.07773074,0.4468448,1.624587,-0.03625873,0.3210551,0.6078042,359.5011,329.0299,3.305197,0.4807435,-0.3611633,0.2098653,-0.9367823,-0.9311603,0.04157731,0.2431956,0.2653658,0.6637034,358.3536,8.510501,1.397792,
4105.025,0.03384476,0.008838771,-0.02269975,0.1080479,-0.03408588,-0.01235393,0.1792903,0.4814666,0.2526011,7.630987,351.4572,355.3738,-0.4385719,0.8348063,-0.004780799,-0.0004106145,0.7162578,1.862377,-0.04380112,0.3341664,0.6072724,357.651,328.189,2.574764,0.5508257,-0.4531786,0.2218103,-1.087371,-1.096228,0.03265697,0.2521538,0.2571561,0.6672676,359.4751,9.629846,1.769438,
4118.77,0.03463432,0.009686172,-0.02055027,0.1029109,-0.05624653,0.008821325,0.1797232,0.4816948,0.252438,7.552713,351.5352,355.3295,-0.5213255,0.9565271,-0.03593659,0.008848828,1.100215,2.121024,-0.05276269,0.3492053,0.6063242,355.53,326.9398,1.663662,0.6395695,-0.5634825,0.2289145,-1.263823,-1.296975,0.01897692,0.2626915,0.2470465,0.6709296,0.7647817,10.95235,2.242752,
4132.886,0.03499297,0.01142682,-0.01750735,0.09959891,-0.07040765,0.0295307,0.180195,0.4818649,0.2523072,7.449609,351.5877,355.288,-0.6028593,1.071039,-0.0766816,-0.04233661,1.559394,2.323129,-0.06243948,0.365441,0.6047521,353.3085,325.3036,0.6026535,0.7134541,-0.6466615,0.2269283,-1.379914,-1.514076,-0.06947488,0.2734277,0.2365575,0.6742753,1.97534,12.48359,2.945485,
4146.904,0.03420097,0.01302055,-0.01369228,0.1072307,-0.07255366,0.04458961,0.1806166,0.4820043,0.2522419,7.328518,351.6244,355.2624,-0.6740352,1.174775,-0.1220345,-0.03107128,1.963989,2.424593,-0.07272968,0.3826149,0.6027112,351.028,323.5215,359.7002,0.8011792,-0.7486731,0.2164135,-1.550163,-1.76155,-0.2004214,0.2856779,0.2240591,0.6772859,3.331645,14.29074,3.955903,
4160.764,0.0323397,0.01367166,-0.009115988,0.1123741,-0.06532673,0.05899024,0.1809788,0.4822114,0.2522573,7.21915,351.6262,355.2086,-0.7318228,1.263282,-0.1677191,0.009517454,2.244781,2.424458,-0.08357475,0.4005835,0.6002173,348.8204,321.769,358.9633,0.8939387,-0.8553264,0.1916311,-1.742676,-2.021892,-0.2774651,0.2991983,0.2102306,0.6796198,4.869606,16.34491,5.072348,
4174.508,0.03000621,0.0151568,-0.003709203,0.1070943,-0.05825736,0.07416994,0.1813152,0.4825098,0.2524355,7.122621,351.6437,355.1518,-0.7824746,1.335319,-0.2099178,0.08078393,2.452889,2.30879,-0.09508668,0.419196,0.597463,346.8028,319.9451,358.4594,0.9979967,-0.9712619,0.143555,-1.931967,-2.265105,-0.3426742,0.3143507,0.1947561,0.6807446,6.502612,18.57409,6.328319,
4188.562,0.026975,0.01727982,0.003452192,0.1168589,-0.06843984,0.1111252,0.1815488,0.4828077,0.25276,6.946692,351.6795,355.0111,-0.8230122,1.384459,-0.247893,0.08533525,2.64695,2.130016,-0.1068121,0.4380386,0.5943002,345.0153,317.9875,357.9141,1.06453,-1.049622,0.09464359,-2.061462,-2.327431,-0.3893949,0.3291735,0.1793218,0.6811382,8.067176,20.58386,7.663362,
4202.596,0.02337988,0.02016279,0.01209844,0.1247096,-0.08179307,0.1523918,0.1817669,0.4831797,0.2531758,6.788472,351.716,354.8521,-0.8680153,1.437621,-0.2932783,0.0953369,2.881354,1.925757,-0.1191969,0.458294,0.5904282,343.36,315.7504,357.3924,1.132026,-1.134521,0.02731168,-2.224263,-2.304129,-0.4307613,0.3455216,0.1625194,0.6802642,9.733008,22.44557,9.205853,
4216.293,0.01890589,0.02214172,0.02022266,0.1256039,-0.1130138,0.2006962,0.181836,0.4835059,0.2537221,6.606871,351.8035,354.6193,-0.9116472,1.486644,-0.3489926,0.2294818,3.175339,1.706691,-0.1318316,0.4789382,0.5856468,341.7523,313.0065,357.2074,1.202042,-1.200592,-0.05249354,-2.328902,-2.310297,-0.5681837,0.3629236,0.1452798,0.6779742,11.15696,24.46622,11.04355,
4230.354,0.01315212,0.02407973,0.02908333,0.117955,-0.151868,0.2605638,0.1817727,0.4838925,0.2543693,6.431885,351.9142,354.3179,-0.9467666,1.52322,-0.4086236,0.4401605,3.334331,1.43815,-0.1446504,0.4999927,0.5800199,340.461,310.1151,357.4205,1.295845,-1.251554,-0.1606353,-2.36717,-2.472728,-0.88061,0.381833,0.1271756,0.6736401,12.09242,27.09171,13.30437,
4244.296,0.008367689,0.0250104,0.03618176,0.1073808,-0.1745207,0.2795103,0.1817424,0.4842124,0.255061,6.286882,352.0181,354.1064,-0.9719293,1.547113,-0.4746053,0.6800027,3.336847,1.128713,-0.157555,0.5214214,0.5731173,339.6191,307.23,357.9609,1.376168,-1.292234,-0.2658038,-2.338478,-2.700392,-0.9697211,0.4008597,0.1089555,0.6682568,13.11457,29.97489,15.25639,
4258,0.004601728,0.02440912,0.04340881,0.1011168,-0.1728534,0.2351281,0.1817515,0.4845009,0.255852,6.190981,352.1149,354.0606,-0.9888971,1.563381,-0.5608567,1.08536,3.228444,0.9386928,-0.170475,0.5430754,0.564553,338.983,304.1946,359.292,1.435004,-1.34035,-0.3773629,-2.227174,-2.852283,-0.7327359,0.4205916,0.09008469,0.6612269,14.56117,32.59852,16.5563,
4272.12,0.002488157,0.0234187,0.04981392,0.09908518,-0.1573701,0.1700843,0.1817893,0.4848114,0.2567217,6.101801,352.1982,354.0667,-0.9859633,1.583686,-0.669327,1.498878,3.257875,1.085106,-0.182696,0.5644531,0.5545927,337.803,300.7365,1.30503,1.482027,-1.389331,-0.5025951,-2.088444,-3.110525,-0.4065164,0.4406475,0.07094783,0.6524224,16.41063,35.41185,17.48495,
4286.133,0.0003771987,0.02339282,0.05632867,0.1050169,-0.1494673,0.1302974,0.1817072,0.4852332,0.2577137,5.980739,352.287,354.0192,-0.9470574,1.610117,-0.7847724,1.5285,3.692905,1.397205,-0.1934393,0.5854625,0.5438959,335.6479,296.7194,2.860774,1.504461,-1.429083,-0.634888,-2.076201,-3.316088,-0.1974808,0.4599474,0.05158641,0.6418489,18.39419,38.3504,18.7144,
4300.274,-0.001576893,0.02464971,0.0625219,0.1201725,-0.1418158,0.1062377,0.1816508,0.4856271,0.2587734,5.824846,352.3548,353.9929,-0.8714535,1.629922,-0.8856996,1.182076,4.40864,1.591783,-0.2029944,0.6058334,0.5330372,332.5918,292.4011,3.457382,1.496325,-1.454651,-0.7597334,-2.280971,-3.304415,-0.1453231,0.4785531,0.03219892,0.6301423,20.2337,41.15944,20.77285,
4313.821,-0.00348264,0.02605629,0.06828041,0.1411582,-0.1287194,0.09075738,0.181487,0.4860191,0.2598954,5.660647,352.4177,353.9788,-0.7811342,1.627536,-0.9553356,0.7821766,5.165023,1.471207,-0.2122283,0.6253925,0.5222703,329.2157,288.0269,3.193111,1.469957,-1.458159,-0.8712454,-2.578747,-3.109392,-0.2138625,0.4963893,0.01313153,0.6170354,21.6251,43.82869,23.57459,
4327.585,-0.005381057,0.02741119,0.0729965,0.15077,-0.1088504,0.07282353,0.1813113,0.4864639,0.2610261,5.528663,352.4568,353.9802,-0.7037318,1.590412,-0.9978358,0.6548167,5.715069,1.046763,-0.2213717,0.6438752,0.5112313,326.3189,283.6541,2.43097,1.434388,-1.455856,-0.9741151,-2.775083,-2.868974,-0.1923854,0.5142221,-0.00614509,0.602544,22.88925,46.19771,26.44551,
4341.585,-0.00790111,0.02904392,0.07699566,0.1581672,-0.09589841,0.06530248,0.1810806,0.4869713,0.2621658,5.374833,352.4969,353.9634,-0.6508442,1.526088,-1.028523,0.8130217,5.898564,0.686966,-0.2308814,0.6612348,0.4996122,323.983,279.3517,1.975123,1.406786,-1.459053,-1.079251,-2.931951,-2.826373,-0.09174317,0.5322453,-0.02548833,0.5865821,24.38541,48.78347,29.45906,
4355.464,-0.01081663,0.03154035,0.07994111,0.1684975,-0.08732431,0.04295386,0.180819,0.4875568,0.2633435,5.226265,352.5436,354.0197,-0.6162968,1.455023,-1.057098,1.148995,5.897287,0.5046381,-0.2401455,0.6775001,0.4876817,322.0804,274.7414,2.103446,1.397189,-1.454477,-1.202293,-2.98404,-3.04232,-0.07915464,0.5506199,-0.04417578,0.5687342,25.97652,52.04898,32.51057,
4369.73,-0.01315374,0.03421065,0.08288416,0.1937335,-0.07910177,-0.01465052,0.1805866,0.4881482,0.2646419,5.057516,352.6106,354.2111,-0.5867826,1.350446,-1.08392,1.527671,5.713279,0.3161491,-0.2491239,0.6921256,0.4752466,320.7762,270.3351,2.037003,1.398561,-1.429689,-1.364755,-2.911004,-3.528095,-0.2335207,0.5689041,-0.06199988,0.5483848,27.63483,56.32606,35.47472,
4383.733,-0.01435411,0.03719405,0.08663337,0.2346012,-0.07105023,-0.09335096,0.1804116,0.4887485,0.2660286,4.844889,352.6673,354.4846,-0.5590031,1.255478,-1.097607,1.821136,5.482213,0.204197,-0.2578253,0.7058656,0.4626032,319.5622,266.2088,1.844989,1.384459,-1.382198,-1.505307,-2.71123,-3.901071,-0.4430442,0.5863755,-0.07838082,0.5273601,29.1952,60.7788,38.11717,
4397.411,-0.01398137,0.0390773,0.09123401,0.2836782,-0.05757878,-0.1561584,0.1802521,0.4893074,0.2675224,4.586637,352.7146,354.7807,-0.5260857,1.164825,-1.104847,2.111063,5.338015,0.06005573,-0.2659983,0.7185279,0.4497209,318.3103,262.3265,1.102488,1.34708,-1.319352,-1.632311,-2.416375,-4.170411,-0.6571642,0.6030387,-0.09374011,0.5050588,30.80625,65.24361,40.31902,
4411.567,-0.01298175,0.04051414,0.09643294,0.3278424,-0.04082689,-0.2063731,0.1801502,0.4898543,0.2689933,4.329258,352.7303,355.0928,-0.4877879,1.094772,-1.108393,2.415812,5.344983,-0.01827931,-0.2737133,0.730536,0.4366008,316.7664,258.415,0.02025665,1.2865,-1.246537,-1.738719,-2.23352,-4.251164,-0.7797483,0.6185523,-0.1079953,0.4816647,32.3224,69.52125,42.62278,
4425.735,-0.01150552,0.03935637,0.100355,0.3412493,-0.01432304,-0.2442318,0.1800354,0.4902118,0.2704611,4.140301,352.7164,355.402,-0.4399932,1.006677,-1.12356,2.815303,5.407794,-0.005196452,-0.2808789,0.7409189,0.4224198,315.1025,254.4623,358.5504,1.214262,-1.157833,-1.831213,-2.269084,-4.115352,-0.8135033,0.6327407,-0.1210503,0.4570674,33.2987,73.63818,45.45025,
4439.363,-0.0109586,0.03551116,0.10273,0.3162156,0.01314605,-0.252014,0.1798561,0.4905172,0.2719766,4.019441,352.6818,355.6316,-0.4202424,0.9282236,-1.14433,3.028655,5.087626,0.2807131,-0.2881536,0.7506309,0.4076972,314.1387,250.6649,357.7684,1.134075,-1.063348,-1.917955,-2.455736,-3.959524,-0.7536621,0.6455731,-0.1330219,0.4315209,33.83808,77.83022,48.91328,
4453.584,-0.0111302,0.03045006,0.1049293,0.249023,0.04537925,-0.2290241,0.1797074,0.4908702,0.273505,3.998827,352.5969,355.7672,-0.4270951,0.8225137,-1.189076,3.01331,4.300362,0.7377457,-0.2954815,0.759227,0.3914064,314.542,247.4495,357.5774,1.04844,-0.9603459,-1.996657,-2.661472,-3.84408,-0.7045791,0.657246,-0.1434259,0.405256,33.98628,82.15044,52.67033,
4467.626,-0.01006886,0.02650381,0.1075124,0.2005556,0.08011082,-0.2002879,0.1795841,0.4912445,0.2751262,3.951172,352.494,355.9073,-0.435962,0.7179984,-1.249111,2.783489,3.45121,1.292586,-0.3022899,0.7671406,0.374305,315.808,244.4119,358.0993,0.9530345,-0.8535619,-2.06509,-2.77478,-3.771776,-0.7099485,0.6671988,-0.1525665,0.3782304,33.91418,86.48769,56.33513,
4481.593,-0.007855557,0.02367987,0.1110372,0.1750795,0.1094226,-0.1824071,0.1795437,0.491538,0.2768049,3.882811,352.3731,356.0654,-0.4236541,0.6221896,-1.312226,2.42862,2.823602,1.849883,-0.3079931,0.7741322,0.3567557,317.4086,241.2337,359.1777,0.8364475,-0.761201,-2.117722,-2.648341,-3.812313,-0.7673132,0.6754172,-0.1605573,0.3510802,34.28253,90.80448,59.74718,
4495.293,-0.005067836,0.02081358,0.1147531,0.1565715,0.1302373,-0.1760781,0.179562,0.4917012,0.2785224,3.838071,352.2582,356.2356,-0.3960316,0.5459481,-1.355611,2.001609,2.412785,2.23652,-0.3128989,0.7804786,0.3393336,318.9908,238.1927,0.4504226,0.6907055,-0.6650209,-2.149148,-2.3354,-3.837049,-0.8425069,0.6818909,-0.1668897,0.3237379,35.11861,94.84777,62.86509,
4509.49,-0.001081899,0.0165906,0.1179462,0.1311301,0.1530258,-0.1885063,0.1796644,0.491798,0.2802545,3.844801,352.1248,356.4357,-0.3485363,0.4515001,-1.391652,1.368778,1.939994,2.520045,-0.3165493,0.7853996,0.3211917,320.8665,235.7144,2.294487,0.5694332,-0.5702993,-2.15194,-2.211987,-3.761933,-0.8266475,0.687142,-0.1722453,0.2969813,35.46551,98.71262,66.16099,
4523.465,0.002472769,0.01281655,0.1207305,0.1126755,0.1661551,-0.1957883,0.1797859,0.4918572,0.2820481,3.836178,352.0012,356.6265,-0.296275,0.3758973,-1.403509,0.8682395,1.73245,2.614238,-0.3200101,0.789792,0.3037315,322.4283,233.2933,4.001901,0.4563434,-0.4713129,-2.129769,-2.14052,-3.65236,-0.6529019,0.6909309,-0.1763333,0.2711447,35.44973,102.1889,69.69957,
4537.163,0.006602686,0.009483323,0.1234454,0.09445566,0.1764186,-0.2056508,0.1799555,0.4919889,0.2838493,3.856483,351.8749,356.8276,-0.2504719,0.3171028,-1.399435,0.5651532,1.704055,2.578516,-0.3236441,0.793906,0.2869752,323.7727,230.8831,5.405498,0.3532174,-0.3720613,-2.087837,-2.061245,-3.521996,-0.45858,0.6934852,-0.1791942,0.2459646,35.17163,105.257,73.18977,
4551.354,0.01003747,0.006524785,0.1254574,0.08386984,0.1793123,-0.1985376,0.1801279,0.4919324,0.2856898,3.834534,351.7472,356.9674,-0.198103,0.2557099,-1.380359,0.4060241,1.814629,2.462152,-0.3268516,0.7970772,0.2708905,324.8694,228.3391,6.570678,0.2606628,-0.2746372,-2.034073,-1.98406,-3.418763,-0.3713309,0.6953959,-0.1807197,0.221763,34.78723,108.2204,76.55612,
4565.27,0.01305065,0.002877307,0.1255505,0.05234151,0.1849755,-0.1885314,0.1803834,0.4918446,0.2873941,3.917992,351.6089,357.1093,-0.1457105,0.1959479,-1.335669,0.4528925,1.951646,2.24887,-0.3291764,0.7991652,0.2556397,325.6577,225.8593,7.15888,0.1935096,-0.1684113,-1.965311,-2.010232,-3.190458,-0.36024,0.6972714,-0.1812148,0.1988481,33.95163,110.9426,79.40836,
4578.982,0.01564999,-0.001968216,0.1241037,0.007535977,0.1902935,-0.1910359,0.180623,0.4916584,0.2890939,4.047523,351.4838,357.2506,-0.109462,0.1563754,-1.286893,0.5458256,2.021579,2.02398,-0.3311067,0.8008647,0.2408863,326.2554,223.5815,7.41725,0.1474407,-0.07848132,-1.894641,-2.055869,-2.876095,-0.5122138,0.69877,-0.181014,0.1771694,32.99695,113.6247,81.56175,
4593.171,0.01732259,-0.00687681,0.1213782,-0.04357996,0.1893325,-0.175295,0.1808722,0.4914372,0.29065,4.201131,351.3535,357.3188,-0.07532668,0.1092613,-1.227031,0.6574606,2.060541,1.826941,-0.3326896,0.8013781,0.2268582,326.6881,221.4173,7.453017,0.09725392,0.007221681,-1.794813,-2.047256,-2.423797,-0.778958,0.6994545,-0.1797833,0.1573094,32.22343,116.1356,82.75746,
4607.105,0.01730008,-0.0105066,0.1180413,-0.08047982,0.1781928,-0.1337976,0.1810661,0.4913025,0.2921675,4.328698,351.2365,357.3059,-0.04776028,0.06156121,-1.162038,0.7893488,2.100306,1.731215,-0.3340046,0.8013099,0.2140531,327.1385,219.2352,7.282093,0.04722857,0.07026791,-1.674407,-2.002223,-2.063773,-0.9037794,0.6991037,-0.1782102,0.1397476,31.49502,118.3825,83.78486,
4621.027,0.01702163,-0.01274061,0.1139294,-0.09793427,0.1682492,-0.09014238,0.1812755,0.4910636,0.2936141,4.41729,351.1231,357.2842,-0.02712023,0.01941034,-1.086205,0.8727961,2.125208,1.699702,-0.3351833,0.8009065,0.2027447,327.6125,217.0698,7.034588,-0.005072057,0.1059608,-1.528098,-1.788251,-1.882375,-0.8341843,0.6978973,-0.1767456,0.1250637,30.97282,120.1656,85.1227,
4634.765,0.0167602,-0.01446663,0.108521,-0.1155284,0.1509462,-0.06001277,0.1814885,0.4907974,0.2948994,4.551928,351.0407,357.2603,-0.02568892,-0.02838347,-0.9975721,0.6817987,1.885091,1.745404,-0.3363411,0.7999575,0.1929495,328.62,215.5507,6.972175,-0.0575763,0.1222668,-1.297766,-1.314944,-1.699656,-0.5413554,0.6960635,-0.1753381,0.1145877,30.75628,120.8947,86.38943,
4648.893,0.01601812,-0.01652799,0.1014927,-0.1453138,0.1339348,-0.03430333,0.1816377,0.4904356,0.2960323,4.712075,350.9675,357.2083,-0.05108908,-0.08170402,-0.8898757,0.204912,1.245702,1.766799,-0.3376133,0.7987472,0.1846806,330.2636,215.3509,7.151376,-0.08429322,0.1193284,-1.130392,-0.9797869,-1.53885,-0.4256591,0.6946827,-0.1741415,0.1046433,30.65316,121.7187,87.53241,
4662.723,0.0146036,-0.01951805,0.09016661,-0.188084,0.1199653,-0.009498752,0.1817965,0.4900539,0.2967939,4.926665,350.8858,357.1074,-0.08292253,-0.1271712,-0.7582629,-0.3068562,0.4939085,1.774757,-0.3386752,0.7975559,0.1786537,332.2101,216.0538,7.490333,-0.1023932,0.1101249,-0.9316173,-0.6306894,-1.33068,-0.2664906,0.6932026,-0.1730268,0.09768061,30.71607,122.0266,88.368,
4676.477,0.01271944,-0.02225425,0.07688501,-0.2397678,0.1049881,0.01749047,0.1818939,0.4896204,0.2973168,5.18254,350.8216,356.955,-0.1084437,-0.1506913,-0.5963408,-0.6602618,-0.2457881,1.737004,-0.3393367,0.796713,0.1755358,334.0612,217.4123,7.748069,-0.105218,0.09707531,-0.7043364,-0.3204786,-1.130829,0.002974257,0.6917999,-0.1722922,0.09414959,30.70004,121.8205,89.04544,
4690.671,0.009280398,-0.02573854,0.05893755,-0.3056241,0.06872344,0.0677155,0.1818637,0.4892203,0.2975843,5.483759,350.8233,356.7071,-0.1196122,-0.1536176,-0.4372558,-0.8972424,-0.852805,1.671368,-0.3394398,0.7963468,0.1741471,335.7439,219.1133,8.055518,-0.09939763,0.08053527,-0.5372462,-0.126528,-0.9613148,0.1251614,0.6905208,-0.1716048,0.09157608,30.72665,121.71,89.61163,
4704.569,0.005886532,-0.02801029,0.04198707,-0.3666631,0.02493091,0.09962229,0.1817731,0.4888761,0.2976539,5.816223,350.8699,356.4549,-0.1005465,-0.116188,-0.2370466,-1.124392,-1.279606,1.264971,-0.3383399,0.796955,0.1762606,336.4417,221.0167,8.724959,-0.08560067,0.05969787,-0.3470138,0.03287749,-0.7032809,0.1759307,0.6885022,-0.1698345,0.09238427,30.86618,121.4342,89.75901,
4718.353,0.001745277,-0.02930142,0.02238279,-0.4034948,-0.0345908,0.09900086,0.1816594,0.4885667,0.2975076,6.129664,350.9881,356.3017,-0.05584453,-0.04597379,-0.03339646,-1.284143,-1.493567,0.5644114,-0.3363931,0.798121,0.1806191,335.9654,222.8596,9.473527,-0.0593112,0.03958054,-0.1611472,0.113779,-0.3640999,0.1823131,0.6869677,-0.1682331,0.09554383,30.98136,121.0199,89.41768,
4732.349,-0.001574645,-0.02843028,0.005111354,-0.3923713,-0.0781367,0.05296738,0.1814756,0.4882896,0.2971311,6.386722,351.1351,356.2708,0.003563665,0.03658503,0.1536914,-1.254564,-1.444168,-0.3222919,-0.334141,0.799453,0.1864092,334.3609,224.4138,9.869754,-0.02391371,0.01652407,0.01839323,0.1497852,-0.02635291,0.179026,0.6873419,-0.1684525,0.1006809,31.06813,120.4628,88.74538,
4746.347,-0.004915781,-0.02566942,-0.01098568,-0.3467185,-0.1079378,0.01022743,0.181284,0.4880523,0.2965887,6.557713,351.2665,356.2589,0.06264292,0.09769441,0.3022365,-0.8814866,-1.079303,-1.043368,-0.3318923,0.8003635,0.1933256,332.3688,225.2064,9.58872,0.01260525,-0.009373358,0.1933129,0.1543529,0.2246785,0.1838382,0.6887957,-0.1698076,0.1082019,31.09887,119.8652,88.01537,
4760.34,-0.008463109,-0.02234123,-0.02597762,-0.2921687,-0.1297523,-0.004762875,0.1810472,0.4878089,0.2958201,6.689983,351.4015,356.2089,0.1112319,0.1251141,0.4157853,-0.2913946,-0.5571639,-1.486694,-0.3297727,0.8009249,0.2012958,330.3878,225.3197,8.76506,0.04649931,-0.03568369,0.3780742,0.2096642,0.4612837,0.2442737,0.6906586,-0.1717026,0.1185795,31.15674,118.9692,87.10823,
4774.017,-0.01101617,-0.02016838,-0.04110949,-0.2536139,-0.136562,-0.01908176,0.1808268,0.4874651,0.2948384,6.834014,351.5199,356.1953,0.1455565,0.1284573,0.5092708,0.1912514,-0.04894024,-1.735808,-0.3278773,0.8009659,0.2101763,328.407,225.0869,7.954137,0.07662094,-0.06331428,0.6125458,0.4549426,0.7816156,0.3929146,0.6927291,-0.1740332,0.1326192,31.49712,117.3081,85.77188,
4788.034,-0.01246919,-0.02002699,-0.0565869,-0.2328922,-0.1232104,-0.04586738,0.1806438,0.4871292,0.2935515,7.017342,351.5954,356.2218,0.1579911,0.1081405,0.5957214,0.360688,0.2255198,-1.826163,-0.3263424,0.8000637,0.2201342,326.6436,225.0318,7.476696,0.09175047,-0.07708918,0.8271504,0.7375872,1.04103,0.6323472,0.6943332,-0.1758954,0.1483779,31.90535,115.1509,84.36745,
4801.93,-0.01384221,-0.02038375,-0.07104953,-0.2285767,-0.09984682,-0.05498599,0.180382,0.486766,0.2921208,7.192757,351.6406,356.2124,0.1377896,0.06278521,0.6844706,0.2206576,0.05688131,-1.784479,-0.3253735,0.7984355,0.2311847,325.4567,225.8849,7.100907,0.0937534,-0.07812887,1.041883,1.021795,1.269789,0.9926856,0.695237,-0.1771235,0.1667062,32.29438,112.388,82.89013,
4815.41,-0.01532248,-0.02013759,-0.08562886,-0.2159225,-0.06105787,-0.0421729,0.1801292,0.4866588,0.2905746,7.348835,351.62,356.1607,0.09212431,0.005932871,0.7766936,-0.07026942,-0.4532697,-1.693757,-0.3249804,0.7963266,0.2430783,324.8029,227.816,6.555055,0.0837017,-0.0712984,1.245904,1.273776,1.470948,1.384209,0.6957586,-0.1780607,0.1870738,32.69485,109.1647,81.34931,
4829.53,-0.0162841,-0.01703526,-0.09649062,-0.1813045,-0.03113884,-0.01655383,0.179958,0.4865602,0.2890702,7.392641,351.5884,356.1066,0.04189289,-0.05587473,0.8652531,-0.3085639,-1.038641,-1.593775,-0.3247173,0.7933683,0.2557699,324.478,230.4153,5.716542,0.06613696,-0.05649237,1.404807,1.40421,1.631426,1.657422,0.6958618,-0.1782371,0.2085805,33.03953,105.9101,79.77153,
4843.631,-0.01610978,-0.01336634,-0.1025741,-0.1332316,-0.01847818,0.01878493,0.1797582,0.4864914,0.287545,7.379413,351.5822,356.0171,0.007250875,-0.1112048,0.931155,-0.4124143,-1.444854,-1.495947,-0.324387,0.7899981,0.268785,324.2972,233.0424,4.716827,0.03606439,-0.01837428,1.593004,1.492297,1.924375,1.828019,0.6948855,-0.1767301,0.233439,33.29922,102.3135,77.70444,
4857.256,-0.0150073,-0.01000227,-0.107828,-0.08756059,-0.008948141,0.04541356,0.1796162,0.4864203,0.2858983,7.37383,351.5522,355.9502,-0.01967993,-0.1850584,0.9987351,-0.5394846,-1.81198,-1.306437,-0.3238483,0.7852798,0.2829468,324.4736,235.7307,3.879382,0.002654791,0.03554232,1.732803,1.475273,2.229258,1.818558,0.6935031,-0.1743122,0.2585884,33.35156,98.84296,75.37969,
4871.387,-0.01271027,-0.009468494,-0.1143144,-0.07335426,0.01716221,0.02820851,0.1795294,0.4861791,0.284091,7.447843,351.4943,355.9802,-0.02600491,-0.2506804,1.046229,-0.7424656,-2.047035,-1.104303,-0.3231405,0.7800307,0.2972001,324.6834,238.2174,3.463095,-0.03641737,0.1060815,1.847538,1.358742,2.531811,1.702849,0.6913552,-0.170882,0.2845847,33.07856,95.49386,72.8884,
4885.358,-0.01076851,-0.01257729,-0.1214078,-0.08980601,0.04357167,0.0003900886,0.1794201,0.4857846,0.2821864,7.581676,351.4332,356.0066,-0.02326816,-0.3041681,1.087444,-0.9354928,-2.210629,-0.9617618,-0.3224188,0.7743309,0.3118628,324.8324,240.7168,3.181114,-0.07236767,0.162695,1.913717,1.25621,2.73862,1.503085,0.688769,-0.1672138,0.3102085,32.69893,92.37174,70.37506,
4899.06,-0.009185247,-0.01622189,-0.1284338,-0.1288687,0.0630397,-0.01624722,0.1793252,0.4855656,0.2802004,7.781571,351.3668,355.9889,-0.0206171,-0.3672855,1.143778,-1.014276,-2.47842,-0.8741344,-0.3214511,0.7674422,0.3275489,325.167,243.6565,2.611562,-0.1601008,0.2650653,2.022911,1.333312,2.953273,1.036234,0.6835291,-0.160757,0.3395824,32.45819,89.44187,67.26207,
4913.271,-0.007929198,-0.01715416,-0.1338257,-0.153788,0.06678203,-0.02516792,0.1792149,0.4854632,0.2782549,7.940705,351.3343,355.976,-0.009043008,-0.4406865,1.198695,-1.007107,-2.757911,-0.7979349,-0.3199036,0.7593553,0.3435989,325.7053,246.7966,1.885858,-0.2304146,0.3315712,2.087062,1.429345,3.072519,0.9294727,0.6781952,-0.1545312,0.3675862,32.20141,86.12634,64.45261,
4927.157,-0.006357547,-0.01564231,-0.136091,-0.1319306,0.06183012,-0.02929996,0.1791599,0.4853775,0.2764484,7.978271,351.311,356.0031,0.01040781,-0.5222955,1.251077,-1.017752,-3.086905,-0.7092919,-0.3179859,0.7502586,0.3600566,326.4413,250.2028,1.20812,-0.3240107,0.4155878,2.157221,1.526801,3.220844,1.031825,0.6710597,-0.1466072,0.3964632,31.85659,82.3339,61.69019,
4941.087,-0.004482854,-0.01277814,-0.1363124,-0.08826537,0.06363064,-0.05294985,0.1791647,0.4852749,0.2746031,7.991598,351.2823,356.1114,0.04046106,-0.6109289,1.303082,-1.059996,-3.363042,-0.5864683,-0.3156224,0.7398827,0.3771623,327.2397,253.6222,0.7555668,-0.4368429,0.5234802,2.213415,1.531829,3.406462,1.182577,0.6621155,-0.1367279,0.4255778,31.2523,78.33916,59.02883,
4954.759,-0.002502665,-0.0116839,-0.1350357,-0.0423849,0.06905799,-0.06655698,0.179202,0.4850136,0.2728108,7.975142,351.2326,356.1922,0.06640318,-0.6629564,1.336355,-0.9935843,-3.445008,-0.6260877,-0.3131216,0.7297253,0.3939922,327.9127,256.9019,0.007862175,-0.5243475,0.612474,2.230675,1.544714,3.532901,1.12004,0.6528807,-0.1263174,0.4536677,30.52144,74.62872,56.2907,
4968.874,0.0004629157,-0.01079697,-0.1340877,-0.0338804,0.08387794,-0.08964096,0.1793894,0.4848931,0.2709073,8.064376,351.1649,356.3049,0.1067176,-0.7369525,1.375347,-0.8023025,-3.46617,-0.8440278,-0.3094683,0.7178295,0.4115869,328.6824,260.2765,358.7004,-0.6212475,0.7177883,2.229516,1.598372,3.627802,0.9267309,0.6425593,-0.114605,0.4821878,29.65649,71.12074,53.42198,
4982.991,0.004121419,-0.01147286,-0.1332959,-0.03097874,0.1009935,-0.1117449,0.1796173,0.4845886,0.269115,8.129002,351.0976,356.4324,0.1586781,-0.8173756,1.399375,-0.5936567,-3.548972,-0.9850202,-0.3045928,0.7050612,0.428879,329.7832,263.652,357.4547,-0.7198595,0.8208036,2.207343,1.715104,3.641243,0.7579309,0.6309093,-0.1014596,0.5099538,28.84101,67.71805,50.54634,
4996.541,0.009887125,-0.0139177,-0.1329851,-0.05593999,0.1270244,-0.1377565,0.1799539,0.4842887,0.2672203,8.291973,350.9997,356.5673,0.221352,-0.8964012,1.409541,-0.5119302,-3.885106,-0.8097739,-0.2990776,0.6917786,0.4454943,331.2664,267.2246,357.0701,-0.8172345,0.9256979,2.161609,1.821644,3.624032,0.5777,0.6177461,-0.08669294,0.5361956,27.90927,64.46814,47.69803,
5010.647,0.01393671,-0.01853559,-0.1336114,-0.09149875,0.1293988,-0.1276759,0.180207,0.4838392,0.2653664,8.442796,350.9278,356.5865,0.2928822,-0.9577269,1.403762,-0.6086507,-4.256577,-0.3670232,-0.2932148,0.6780875,0.4615563,332.5718,270.8249,357.6612,-0.9105,1.024808,2.089412,2.003098,3.502559,0.3554601,0.6032533,-0.0705477,0.5604471,27.03254,61.4977,44.76333,
5024.651,0.016625,-0.02139794,-0.1347697,-0.1401787,0.1150903,-0.09560093,0.1804832,0.4836906,0.2634065,8.660075,350.8754,356.5296,0.3699941,-0.9952749,1.38263,-0.7130598,-4.163402,-0.1979211,-0.2862013,0.6638142,0.4775685,333.2742,273.9177,357.8953,-0.9989688,1.111098,1.99818,2.230422,3.292234,0.1535301,0.5876617,-0.05371516,0.583142,26.24791,58.77383,41.76629,
5038.33,0.01932061,-0.02103593,-0.1353706,-0.167012,0.09010991,-0.07427205,0.1808202,0.4835716,0.2615942,8.812021,350.8607,356.5265,0.4443705,-1.031847,1.350513,-0.7154588,-3.749883,-0.4541078,-0.2777719,0.6488225,0.4932671,333.8105,276.5493,357.1666,-1.098576,1.191816,1.883869,2.35815,3.060807,0.1239214,0.5702417,-0.03573824,0.6045014,25.57611,56.13972,39.0659,
5052.269,0.02270953,-0.01825109,-0.1339871,-0.1467667,0.07839549,-0.07989372,0.1812409,0.4834799,0.2597998,8.889178,350.8321,356.6101,0.515435,-1.073905,1.317368,-0.7296122,-3.442097,-0.8408912,-0.2687238,0.6333835,0.5080816,334.4789,279.3551,355.9257,-1.186994,1.26923,1.784818,2.406885,3.093536,0.1290688,0.5521353,-0.01700605,0.6245195,24.47325,53.1809,36.42309,
5065.833,0.02546566,-0.01505425,-0.1327607,-0.1063837,0.07580174,-0.1010965,0.1816824,0.4832651,0.2580068,8.93134,350.8097,356.7481,0.5763381,-1.12046,1.270471,-0.6300018,-3.425151,-0.9068915,-0.259391,0.6175103,0.5215768,335.5254,282.1829,355.3477,-1.274034,1.3443,1.676881,2.482676,3.196435,0.1409473,0.5332075,0.002244551,0.6423921,23.16632,50.0473,33.72883,
5079.741,0.02791028,-0.01391648,-0.1316725,-0.06469879,0.07879934,-0.09854119,0.1820805,0.4829576,0.2561796,8.936747,350.7708,356.811,0.6237392,-1.161189,1.211225,-0.3281574,-3.622718,-0.581189,-0.2499345,0.6014719,0.5343481,336.8913,284.7717,355.968,-1.344795,1.401697,1.549246,2.392556,3.192025,0.1413391,0.5138283,0.021678,0.6583077,21.8326,47.27,31.53567,
5093.536,0.0287402,-0.01287486,-0.1311999,-0.05626755,0.07271723,-0.08177686,0.1825451,0.4829116,0.2543724,9.006781,350.7269,356.8205,0.6706208,-1.188135,1.156964,-0.08236389,-3.677693,-0.3419872,-0.23961,0.5849697,0.5468211,338.1311,287.1902,356.7081,-1.400453,1.442421,1.412201,2.302284,3.099916,0.1506058,0.4940025,0.04162334,0.6724555,20.59431,44.75064,29.55625,
5107.538,0.02907916,-0.008593627,-0.1291915,-0.03759632,0.05109469,-0.04833901,0.1829952,0.4830831,0.2527368,8.979729,350.7271,356.791,0.7290214,-1.207928,1.111568,-0.2196369,-3.355507,-0.604045,-0.2278936,0.5681719,0.5592451,338.9557,289.5194,356.1302,-1.451436,1.477189,1.272925,2.355203,3.044855,0.2343156,0.4739516,0.06198079,0.6843846,19.41514,42.06236,27.35997,
5121.486,0.02871685,-0.001530325,-0.1239782,0.02524403,0.01591525,-0.003613893,0.1833583,0.4833876,0.2512786,8.80301,350.7595,356.7577,0.7917157,-1.220087,1.083291,-0.6606624,-2.972897,-1.171854,-0.2154339,0.5520036,0.5711713,339.6639,292.2115,354.2634,-1.491502,1.502388,1.131086,2.478213,2.958066,0.3832967,0.454047,0.08240267,0.6943829,18.36029,39.31656,24.99452,
5135.21,0.02920229,0.007178418,-0.1170109,0.1132795,0.006951832,-0.00256248,0.1838429,0.483634,0.2498887,8.579935,350.7592,356.8879,0.8749942,-1.230721,1.032188,-1.155698,-2.806184,-1.70478,-0.2028459,0.5363772,0.5812913,340.6023,295.4633,351.9576,-1.512031,1.517342,0.9856102,2.567933,2.802376,0.5104799,0.4344398,0.1028343,0.7024606,17.38026,36.79219,22.67556,
5149.324,0.0299903,0.01225758,-0.111377,0.1702503,0.02445463,-0.01903962,0.1842747,0.4837153,0.2484995,8.385101,350.7163,357.0124,0.9245901,-1.237146,0.9565954,-1.017188,-3.14025,-1.619306,-0.1910865,0.520898,0.5893258,341.9676,298.6006,351.6487,-1.521,1.521185,0.8627526,2.594946,2.70482,0.6470124,0.4151971,0.1227691,0.7092666,16.40217,34.25829,20.46832,
5163.285,0.02987357,0.01444907,-0.1063412,0.1954484,0.055145,-0.01228928,0.1846725,0.4839389,0.2471277,8.244145,350.6068,357.0587,0.9534783,-1.229339,0.8391014,-0.1827409,-3.701667,-1.110037,-0.1793354,0.5057921,0.5954246,343.5849,301.2526,353.6006,-1.513253,1.521389,0.6802347,2.580328,2.626405,0.6988605,0.3960578,0.1433997,0.7123519,15.30279,31.87178,18.43739,
5176.931,0.02772028,0.01607037,-0.1004083,0.1967962,0.05711139,0.05324977,0.1849463,0.4842788,0.2459701,8.037022,350.5318,356.901,0.9740561,-1.19453,0.7099185,0.4634004,-3.678984,-0.6939845,-0.1656795,0.4904465,0.6005223,344.7122,303.1011,355.564,-1.49511,1.525154,0.5369235,2.697135,2.640065,0.6284059,0.3776533,0.1631328,0.7144741,13.72251,29.49592,16.30509,
5191.034,0.02490368,0.02057689,-0.09108101,0.2160799,0.01246872,0.14542,0.1851761,0.4848265,0.245069,7.724672,350.5568,356.6975,1.01019,-1.167497,0.6441327,0.09109105,-3.425586,-0.8454528,-0.1514257,0.476081,0.606199,345.6091,305.5188,355.2473,-1.472958,1.514832,0.4161887,2.700507,2.645361,0.5837767,0.3598847,0.1819273,0.7156366,12.14522,27.19843,14.43185,
5204.993,0.0234681,0.02578795,-0.08128148,0.2530932,-0.0350462,0.1762695,0.1854751,0.4852277,0.2442375,7.412974,350.6242,356.6405,1.054112,-1.13102,0.5844542,-0.6716095,-3.084801,-0.9751565,-0.1368518,0.4626355,0.610494,346.1082,308.1531,353.7209,-1.430371,1.47338,0.2706583,2.600002,2.562971,0.65837,0.3429468,0.2001977,0.7146934,10.91186,25.03523,12.71847,
5218.716,0.02278018,0.02652157,-0.07325172,0.2709692,-0.05023691,0.1635524,0.185769,0.4853935,0.2433614,7.180988,350.6462,356.6375,1.087351,-1.093882,0.4971534,-1.112814,-2.949967,-1.029232,-0.1226987,0.4495485,0.6121863,346.789,310.8962,352.4734,-1.393138,1.43679,0.168816,2.587842,2.508361,0.7953365,0.3267924,0.2177551,0.7132208,9.687311,22.80193,10.8292,
5232.809,0.02278761,0.02238274,-0.06752673,0.2357199,-0.02624179,0.1167094,0.1861521,0.4853512,0.2424477,7.10912,350.6011,356.6847,1.083334,-1.062418,0.3904303,-0.5671269,-3.309774,-1.059492,-0.1105352,0.4372235,0.6120639,348.1379,313.6332,353.5383,-1.340285,1.39099,0.05735159,2.630453,2.447452,0.9702008,0.3118935,0.2344144,0.7100186,8.474236,20.57154,8.762523,
5246.676,0.02177173,0.01482097,-0.0635952,0.1809202,-0.004601513,0.08971595,0.1864366,0.4852013,0.2416137,7.073433,350.5575,356.6582,1.039853,-1.019178,0.2731864,0.7124487,-3.51547,-1.012766,-0.0992375,0.4251258,0.6110389,349.4796,315.4811,356.7278,-1.278138,1.347079,-0.0458495,2.735653,2.437382,0.9997866,0.2981642,0.2498764,0.7057906,6.868649,18.39694,6.773991,
5260.642,0.01910738,0.00693866,-0.05917917,0.1018844,-0.008806974,0.1156547,0.1865869,0.4852027,0.2409748,7.066107,350.5481,356.456,1.001827,-0.9772922,0.1899086,1.459009,-3.420281,-0.9925469,-0.08718565,0.412893,0.610651,350.5277,317.1423,359.4781,-1.199777,1.292146,-0.1417015,2.749411,2.340753,0.8271994,0.2855385,0.2640063,0.7006186,5.063252,16.66567,5.285254,
5274.383,0.01636801,0.002345728,-0.05317029,0.05353812,-0.04209069,0.1550781,0.1867365,0.4852082,0.2404957,7.002206,350.6123,356.2484,0.9892749,-0.9482613,0.1496079,1.098555,-3.199965,-1.039046,-0.07478812,0.4011742,0.610784,351.4566,319.1581,0.04611497,-1.11128,1.222262,-0.2263908,2.638022,2.167942,0.5213688,0.2738848,0.2769344,0.6948906,3.251654,15.36243,4.400464,
5288.449,0.01402763,-0.000630824,-0.04654321,0.01862533,-0.0846437,0.1904138,0.1868252,0.4851348,0.2400613,6.97226,350.7068,356.0254,0.9835268,-0.9244331,0.1179301,0.1151348,-2.871879,-1.071526,-0.06254558,0.3903899,0.6100751,352.4636,321.1949,358.7903,-1.023648,1.142475,-0.2957398,2.49968,1.985722,0.206573,0.2630209,0.2885439,0.6887056,1.441074,14.28348,3.868303,
5302.273,0.01220772,-0.005292002,-0.04194651,-0.02974872,-0.1072593,0.1834752,0.1870076,0.4847511,0.2395089,7.043805,350.7779,355.8858,0.9622545,-0.8961233,0.07587004,-0.4050363,-2.802852,-1.145794,-0.05206968,0.3806579,0.608206,353.6947,323.5061,358.0286,-0.9442507,1.035552,-0.3519868,2.318322,1.977619,0.01275737,0.2531246,0.2980556,0.6823696,359.8033,12.86522,3.479555,
5316.087,0.01050824,-0.01399335,-0.03949077,-0.09538491,-0.110389,0.1525871,0.1871226,0.4841305,0.2389333,7.21329,350.8452,355.7644,0.8965521,-0.8378342,0.02188766,0.2160483,-2.825193,-1.308993,-0.04395556,0.3718691,0.6056625,354.7606,325.4071,359.738,-0.8812997,0.9317518,-0.3799738,2.184677,1.987272,-0.1030218,0.2441011,0.3062253,0.6767545,358.2186,11.35536,3.092834,
5330.135,0.00829029,-0.02426064,-0.03954652,-0.1881354,-0.1020307,0.1331643,0.187099,0.4835226,0.2383502,7.493781,350.8892,355.5742,0.8008848,-0.7664203,-0.03199756,1.095506,-2.548468,-1.411494,-0.03685628,0.3630879,0.6031555,355.3868,326.5141,2.466773,-0.8063185,0.8158426,-0.389928,2.028665,1.799781,-0.2139277,0.2360219,0.3124504,0.6713668,356.788,10.32705,2.851797,
5344.156,0.00504051,-0.03227791,-0.03966887,-0.2967175,-0.09150215,0.1213623,0.1870466,0.483172,0.2378447,7.869551,350.924,355.3512,0.7095159,-0.7137475,-0.05766901,1.255195,-2.064912,-1.383548,-0.02966151,0.354541,0.6017148,355.969,327.1271,4.053321,-0.7317253,0.6818542,-0.3793628,1.723728,1.577709,-0.3044249,0.2286352,0.3168416,0.6667746,355.8093,9.502391,2.876444,
5357.807,0.00212951,-0.03590943,-0.0374455,-0.3322278,-0.08918328,0.119139,0.1869819,0.482724,0.2375144,8.084793,350.9716,355.1607,0.6449635,-0.6817386,-0.05105437,0.7067755,-1.688089,-1.341827,-0.02254941,0.3472027,0.6013039,357.0051,327.7981,4.072316,-0.6663712,0.537896,-0.3522503,1.275475,1.4145,-0.3335981,0.2217915,0.3197789,0.6627277,355.435,8.673478,3.07733,
5371.956,-0.00146211,-0.03430001,-0.03253672,-0.3037207,-0.1021882,0.1184176,0.1868415,0.4825554,0.2372651,8.174585,351.0637,355.0182,0.5988839,-0.6389594,-0.03423227,0.09765449,-1.496199,-1.214293,-0.01590612,0.3410127,0.6006324,358.0715,328.6672,3.489999,-0.601455,0.3980498,-0.3151545,0.8324474,1.250928,-0.3489955,0.2157754,0.3213795,0.6593318,355.4094,7.930189,3.388849,
5385.957,-0.005167305,-0.02704152,-0.02654614,-0.2142375,-0.1218199,0.1045993,0.1866482,0.4825296,0.2371431,8.11454,351.1811,354.9676,0.5534067,-0.5718876,-0.02106324,-0.1427043,-1.526926,-1.078361,-0.01089548,0.3362193,0.5997581,358.886,329.9405,3.295044,-0.5428347,0.2727977,-0.2735689,0.464763,1.129082,-0.3470224,0.2101913,0.3219763,0.6564721,355.5667,7.208973,3.706856,
5399.803,-0.008840162,-0.01846088,-0.02031414,-0.09460718,-0.1332915,0.06870555,0.1864032,0.4823998,0.2370127,7.958869,351.3057,355.0269,0.4799045,-0.4890436,-0.02523203,0.02787902,-1.388105,-1.070307,-0.007427743,0.3323726,0.5984362,359.5049,330.7907,3.947644,-0.4880489,0.1669663,-0.2286007,0.1970392,1.014719,-0.3201767,0.2055042,0.3217367,0.654496,355.7927,6.555114,3.963449,
5413.569,-0.01222732,-0.01278958,-0.01687962,-0.006480463,-0.1299239,0.003383392,0.1861576,0.4821909,0.236737,7.885857,351.4195,355.1791,0.3878878,-0.4000682,-0.03696249,0.3568212,-1.067493,-1.083499,-0.004923822,0.3294713,0.5972422,359.8798,331.093,5.096869,-0.4349358,0.08336935,-0.1848121,0.02199112,0.8947709,-0.3390414,0.2014715,0.3209274,0.6529683,355.9775,6.000864,4.300003,
5427.601,-0.01632648,-0.01055575,-0.01636443,0.02411781,-0.122726,-0.05172611,0.1857761,0.4819645,0.2364124,7.888818,351.5359,355.2969,0.2999739,-0.3120931,-0.04637747,0.4883331,-0.637734,-0.9306781,-0.002498612,0.3274703,0.5962485,359.9863,330.8818,5.884071,-0.3824866,0.02156303,-0.148501,-0.08066147,0.7493837,-0.4175568,0.1979698,0.3199161,0.6515237,356.0836,5.589542,4.79302,
5441.551,-0.02150805,-0.009289796,-0.01784798,0.006030002,-0.1081095,-0.07308508,0.1852857,0.4819347,0.2360339,7.966959,351.6055,355.3315,0.2377665,-0.225949,-0.04715139,0.3665946,-0.3339704,-0.5765088,9.248778E-05,0.3265327,0.5954705,359.8062,330.6259,5.900846,-0.3290564,-0.02006337,-0.1183325,-0.1002102,0.6704075,-0.4987497,0.195279,0.3191012,0.6503744,356.0623,5.123067,5.321718,
5455.302,-0.02653781,-0.007422601,-0.01934294,-0.01092155,-0.0802707,-0.07706475,0.1847667,0.4820006,0.2357561,8.015742,351.6254,355.3741,0.2053521,-0.1594922,-0.04063028,0.2210196,-0.2643251,-0.2803942,0.002441969,0.3259586,0.5948007,359.5953,330.7092,5.682799,-0.27868,-0.03216613,-0.09597692,0.00649471,0.595502,-0.4869154,0.1932873,0.3183051,0.6495225,355.7822,4.741598,5.616335,
5469.441,-0.03120477,-0.00524088,-0.01965829,-0.0002395995,-0.04376427,-0.06851235,0.1842119,0.4820156,0.2355276,7.988039,351.6001,355.4189,0.1806206,-0.09732207,-0.02971583,0.09131029,-0.2804354,0.01348083,0.003876835,0.3261255,0.5946175,359.2254,330.9808,5.243878,-0.2321174,-0.03839134,-0.07642935,0.06230338,0.469438,-0.4916051,0.1915425,0.3174511,0.6487989,355.5441,4.549243,5.965626,
5483.464,-0.03459646,-0.00268683,-0.01948248,0.02332023,-0.004322909,-0.05574525,0.1836422,0.4820481,0.2352915,7.929224,351.5464,355.4608,0.1395771,-0.02494287,-0.01994256,-0.06028608,-0.1975404,0.3508076,0.004373074,0.3271658,0.5944647,358.6241,331.039,4.488854,-0.1693355,-0.04463718,-0.04942394,0.09015044,0.2521973,-0.5045726,0.1907215,0.316598,0.6485775,355.3503,4.678773,6.373682,
5497.061,-0.03711218,-0.0002049748,-0.01902513,0.04672987,0.02661,-0.04084156,0.1831172,0.4820835,0.2350575,7.85573,351.4757,355.4962,0.09328164,0.02520139,-0.01591936,-0.1090482,-0.04206969,0.5361291,0.004387464,0.3281682,0.5942527,358.0459,330.8614,3.941866,-0.120037,-0.04989611,-0.02650659,0.03147875,0.1087566,-0.458495,0.1901249,0.3159986,0.6484905,355.3811,4.794281,6.686428,
5511.143,-0.03877128,0.001902686,-0.01832821,0.07162894,0.05110659,-0.02021563,0.1825714,0.4822015,0.2348108,7.775652,351.3913,355.5142,0.05330402,0.05474123,-0.01296652,-0.0999796,0.07073729,0.5713366,0.004168643,0.3291835,0.5941254,357.6076,330.6459,3.615158,-0.08577098,-0.04863167,-0.008036826,-0.03696406,0.08208603,-0.3586358,0.1899527,0.3157245,0.6487418,355.5104,4.74653,6.819217,
5525.186,-0.03912399,0.003886668,-0.01757754,0.09247001,0.07479073,-0.005980034,0.1820579,0.4822924,0.2346106,7.676215,351.2925,355.5462,0.01273386,0.07207542,-0.005142435,-0.04205569,0.07881859,0.4691805,0.003172576,0.3301975,0.5942791,357.3982,330.5809,3.575306,-0.04151047,-0.03785221,0.01698635,-0.09591465,0.08369126,-0.156339,0.1907587,0.3158486,0.6494446,355.7246,4.682419,6.602629,
5539.115,-0.03853894,0.005104227,-0.0166876,0.1133135,0.08764627,-0.003042272,0.1816006,0.4823399,0.2344077,7.564823,351.207,355.6033,-0.02429854,0.07234115,0.004008435,0.003766252,0.00884791,0.282632,0.001592804,0.3308627,0.5943857,357.4647,330.6878,3.7197,0.0004830137,-0.02118541,0.04076787,-0.1255321,0.009744159,-0.02646614,0.1917657,0.316454,0.6502595,355.9131,4.814785,6.421395,
5552.654,-0.03654288,0.005054574,-0.0160409,0.1246671,0.08644851,0.01127257,0.1811842,0.4823326,0.2341861,7.457114,351.1452,355.5985,-0.06261179,0.06268393,0.01026594,0.02224477,-0.05298357,0.1543085,-0.0007225443,0.3312385,0.5945184,357.5507,330.8391,3.826734,0.03607151,0.002837424,0.06203992,-0.09910217,-0.08491942,-0.0533707,0.1931996,0.3174791,0.6515951,355.9697,5.025918,6.535934,
5566.763,-0.03385203,0.005359754,-0.01644172,0.1033699,0.06883839,0.0479193,0.1808312,0.4824626,0.2339292,7.398617,351.0956,355.4917,-0.1116793,0.04489119,0.009639509,0.005025552,-0.01134422,0.08540522,-0.003852241,0.3310596,0.5944286,357.6076,330.7673,3.840083,0.0904004,0.05030206,0.08959481,0.01461753,-0.3051019,-0.2382613,0.195582,0.3198061,0.6531417,355.7304,5.614522,7.059655,
5580.684,-0.02987066,0.005794221,-0.01622057,0.09617982,0.04260044,0.07672501,0.1805421,0.4826445,0.233751,7.29498,351.0864,355.4178,-0.1680722,0.0124747,0.005622573,-0.002386815,0.01032715,-0.04716637,-0.00807205,0.3302125,0.5941972,357.8449,330.6948,3.964777,0.1402778,0.1057419,0.1118976,0.1490883,-0.4524707,-0.4199296,0.1985952,0.3229204,0.6549832,355.3169,6.186908,7.695329,
5594.462,-0.02494183,0.007353192,-0.01560932,0.1011882,0.006882824,0.1040343,0.1803409,0.4827313,0.2335643,7.148286,351.1126,355.3195,-0.2352529,-0.03841405,-0.004302956,0.1101201,0.02719878,-0.3473192,-0.01354903,0.3282117,0.5936401,358.3846,330.5826,4.63015,0.1898392,0.167331,0.1347167,0.1850524,-0.4596502,-0.524625,0.2026494,0.3272407,0.6571393,355.0188,6.515237,8.284047,
5608.585,-0.02085771,0.008566533,-0.01560962,0.09006402,-0.02673547,0.1367283,0.1801286,0.4828871,0.2333141,7.055843,351.1479,355.1529,-0.3091034,-0.1087024,-0.02036715,0.2605108,0.02835679,-0.7450866,-0.02030264,0.3249584,0.5926632,359.2544,330.5005,5.718405,0.2532328,0.2409235,0.1550293,0.2162441,-0.4229941,-0.527622,0.208478,0.3330583,0.6595253,354.7384,6.739199,8.684018,
5622.671,-0.01739931,0.009213413,-0.01575718,0.06758897,-0.06177653,0.1567869,0.1799252,0.4830479,0.2331013,6.998899,351.2086,355.0061,-0.3898949,-0.1920127,-0.04200059,0.4659047,0.1026854,-1.150792,-0.02813758,0.3203438,0.5914671,0.2772644,330.288,7.205358,0.3484202,0.3358668,0.1694662,0.420342,-0.6063564,-0.4943147,0.2158294,0.3404129,0.6619457,354.0852,7.579761,8.924454,
5636.293,-0.01497792,0.00930438,-0.01543265,0.05735231,-0.07737428,0.157251,0.1797043,0.4831698,0.232926,6.921466,351.2574,354.9091,-0.4705929,-0.2854998,-0.06435449,0.6022364,0.2551545,-1.468714,-0.03673566,0.3142903,0.5900643,1.394215,329.882,8.748628,0.45244,0.4471836,0.1801956,0.683893,-0.8518155,-0.5591582,0.2241977,0.349467,0.6644838,353.0972,8.765486,9.317557,
5650.448,-0.01381305,0.01009328,-0.01373035,0.05986387,-0.08743367,0.1568833,0.1794793,0.4834065,0.2328517,6.817218,351.3065,354.8004,-0.5439602,-0.3827191,-0.08465639,0.6081799,0.4359698,-1.601383,-0.04585491,0.3068813,0.5885772,2.436493,329.3128,9.988648,0.5482381,0.5716809,0.1889815,0.9308002,-0.9684126,-0.7080871,0.2339703,0.3605055,0.6673785,351.8461,9.790567,9.891966,
5664.354,-0.01325469,0.01376355,-0.01005075,0.08140352,-0.0931209,0.1494808,0.1792858,0.4839016,0.2329023,6.6714,351.3517,354.7279,-0.6073686,-0.4814015,-0.1024389,0.5218078,0.5962485,-1.58955,-0.05530195,0.2980922,0.5867043,3.363607,328.6411,10.89635,0.6506006,0.7102884,0.1943613,1.193014,-1.061602,-0.8242666,0.2457072,0.3737406,0.6703596,350.3514,10.86257,10.4066,
5678.084,-0.0120887,0.02044044,-0.003586035,0.1408052,-0.09500501,0.1405126,0.1791146,0.4844818,0.2331573,6.394781,351.4076,354.7017,-0.6623102,-0.5854743,-0.1146574,0.3389257,0.6692686,-1.53387,-0.06542104,0.2877474,0.5848426,4.337853,328.0176,11.44971,0.7800937,0.8550155,0.1853535,1.551818,-1.334508,-0.7829241,0.2593894,0.3885716,0.6728689,348.5919,12.65301,10.46542,
5692.179,-0.01101331,0.02848274,0.005168152,0.2286006,-0.1073902,0.1393873,0.1789986,0.485034,0.2335553,6.008122,351.4764,354.6883,-0.7212839,-0.7010046,-0.1292635,0.01382683,0.7724516,-1.52431,-0.07648008,0.2757356,0.5827448,5.60478,327.1676,11.58589,0.9160663,0.9931161,0.1613468,1.883627,-1.651233,-0.6597331,0.2744554,0.4049479,0.6747708,346.7917,14.93575,10.14903,
5706.168,-0.01046018,0.0347534,0.01502734,0.3187767,-0.1229986,0.1394323,0.178804,0.4854682,0.2340227,5.587867,351.5615,354.6909,-0.7750506,-0.80156,-0.1512754,-0.373741,0.9093158,-1.486783,-0.08797316,0.2630101,0.5803426,6.977564,326.0269,11.27037,1.052782,1.140376,0.1209303,2.125295,-1.938498,-0.6133545,0.2909925,0.4236972,0.6757731,344.9899,17.40645,9.835569,
5720.114,-0.01033719,0.03782955,0.02278949,0.3539925,-0.1270789,0.1257579,0.178654,0.4860313,0.2345434,5.278655,351.6329,354.702,-0.8363023,-0.9145441,-0.1861446,-0.785521,1.057205,-1.494594,-0.1004009,0.2485142,0.5772039,8.556719,324.6243,10.57093,1.157429,1.268092,0.07011107,2.345981,-2.218863,-0.6903419,0.3081308,0.4433094,0.6762191,342.9929,20.01299,9.651731,
5733.917,-0.01067071,0.03973095,0.03171182,0.366586,-0.1303195,0.1194851,0.178537,0.4866337,0.2352347,4.959184,351.6981,354.6892,-0.8908092,-1.021498,-0.2294843,-1.063534,1.157332,-1.608294,-0.1135506,0.2329708,0.5733914,10.38065,323.2449,9.925091,1.243515,1.384724,-0.002116501,2.588641,-2.47202,-0.7805762,0.3252017,0.4637244,0.6751566,340.7766,22.90049,9.307778,
5747.934,-0.01034812,0.0411499,0.03950051,0.3722244,-0.1238114,0.10567,0.1784451,0.4872308,0.2360459,4.643421,351.7563,354.7251,-0.9400799,-1.121356,-0.280302,-1.186363,1.25848,-1.820339,-0.1274568,0.216467,0.5688296,12.4731,321.8923,9.511582,1.290174,1.478514,-0.07894796,2.714534,-2.53176,-0.9183625,0.342571,0.4846163,0.6735564,338.4912,25.44062,8.94396,
5761.79,-0.009820454,0.04170438,0.04911039,0.3713632,-0.1179848,0.08250032,0.1783442,0.4877799,0.2369977,4.35719,351.8187,354.7695,-0.9869748,-1.210782,-0.3452949,-1.219723,1.420083,-2.056647,-0.1420257,0.1991986,0.5630658,14.77312,320.4231,9.259995,1.326447,1.554038,-0.1638096,2.791216,-2.830282,-1.070457,0.3600758,0.5062308,0.6707345,336.1729,28.5194,8.772432,
5775.548,-0.009268457,0.04203524,0.05778517,0.3549142,-0.1125923,0.06541674,0.178265,0.4883159,0.2380542,4.101358,351.8736,354.8148,-1.032859,-1.283744,-0.4286266,-1.25198,1.708859,-2.224517,-0.1568631,0.1815726,0.5559897,17.12629,318.5366,8.974452,1.347661,1.612627,-0.2645911,2.886913,-3.168502,-1.206465,0.3771815,0.5279774,0.6659545,333.7401,32.00566,8.509798,
5789.534,-0.008782396,0.04205968,0.06605128,0.3384045,-0.1053417,0.0724021,0.1781102,0.4889647,0.2392504,3.844815,351.9291,354.7803,-1.061587,-1.333656,-0.5089493,-1.266475,1.964059,-2.323798,-0.1714737,0.1638971,0.5482067,19.47741,316.5106,8.618208,1.346704,1.644543,-0.3670504,2.927762,-3.301255,-1.257751,0.394029,0.5495251,0.6601287,331.4489,35.40082,7.9457,
5803.511,-0.008956566,0.04253458,0.07581492,0.3265976,-0.1068944,0.0842623,0.1779686,0.4896369,0.2406154,3.574048,351.9899,354.7616,-1.084947,-1.389366,-0.6180456,-1.262649,2.268273,-2.470201,-0.1866587,0.1452236,0.5384556,22.09866,314.2619,8.286791,1.324659,1.659043,-0.4622686,2.896971,-3.333285,-1.286125,0.4101256,0.5709915,0.6536159,329.2924,38.6817,7.276214,
5817.43,-0.008461718,0.04304361,0.08414754,0.3241606,-0.1039763,0.07944978,0.1779094,0.4902471,0.2420478,3.307259,352.0431,354.7982,-1.091222,-1.42003,-0.7089857,-1.288079,2.531182,-2.543855,-0.2013787,0.1270196,0.5281102,24.71382,311.8367,7.757246,1.289548,1.657078,-0.5340765,2.774009,-3.300488,-1.288008,0.4256589,0.5920126,0.6466865,327.327,41.74295,6.660881,
5831.298,-0.007659744,0.0428649,0.09292962,0.3195753,-0.09708202,0.05401542,0.1777732,0.4907829,0.2435665,3.072373,352.0909,354.8765,-1.091154,-1.441967,-0.822588,-1.33172,2.871623,-2.516286,-0.2158927,0.10851,0.5158893,27.21987,308.9236,7.126912,1.231235,1.639501,-0.6313174,2.596304,-3.327068,-1.26241,0.4404021,0.6129141,0.6377005,325.4978,44.74758,6.260289,
5845.199,-0.007200502,0.04173108,0.09990923,0.3085113,-0.08560681,0.01905107,0.1776518,0.4912685,0.2451649,2.867344,352.1303,354.993,-1.075593,-1.449756,-0.9505241,-1.472556,3.164251,-2.376184,-0.229557,0.0897994,0.5019372,29.38866,305.5256,6.117791,1.175567,1.613814,-0.703431,2.458917,-3.414587,-1.250495,0.4542848,0.632878,0.6287009,323.6048,47.90147,5.875182,
5858.954,-0.007203266,0.03972921,0.1075404,0.3004851,-0.06837321,-0.01082055,0.1774997,0.4918241,0.246859,2.666668,352.1406,355.1036,-1.046733,-1.44441,-1.037848,-1.611875,3.232721,-2.253849,-0.2424924,0.07151428,0.4881331,31.32308,302.1683,4.688247,1.119175,1.579553,-0.7542403,2.265244,-3.401009,-1.209734,0.4676298,0.6520874,0.6193373,321.856,50.72958,5.629597,
5873.118,-0.007733725,0.03875778,0.1142045,0.2986291,-0.05205341,-0.01642129,0.1773,0.4923984,0.248687,2.428736,352.1466,355.1692,-1.004528,-1.433895,-1.12854,-1.790275,3.180474,-2.131843,-0.2546444,0.05300256,0.472928,32.88222,298.6337,2.750813,1.046662,1.518661,-0.8035813,1.919602,-3.325212,-1.07641,0.4802253,0.6703227,0.6089194,320.3916,52.84379,5.995641,
5887.174,-0.008949682,0.03868451,0.1207901,0.3003658,-0.03928424,-0.002030764,0.1771227,0.4930007,0.2505478,2.186109,352.1248,355.194,-0.9535887,-1.422071,-1.216003,-1.979196,3.095326,-2.099179,-0.2659492,0.03446398,0.4565992,34.25264,294.8694,0.285372,0.9901068,1.461425,-0.8404235,1.718391,-3.318673,-0.9135689,0.4925151,0.6879812,0.5983384,319.0175,55.11896,6.374025,
5901.108,-0.01035733,0.03833788,0.127003,0.3074247,-0.01661152,0.0158921,0.1769289,0.4935009,0.252517,1.922889,352.0714,355.2276,-0.8943942,-1.412843,-1.304318,-2.091231,3.096974,-2.144609,-0.2764221,0.01597,0.4391688,35.63953,290.848,357.5345,0.9492373,1.408784,-0.8768251,1.672874,-3.373755,-0.7605737,0.5044414,0.7047503,0.5871618,317.7129,57.70096,6.690385,
5914.867,-0.01215839,0.03849623,0.1323517,0.301643,0.01621122,0.01442153,0.1767175,0.4940783,0.2544609,1.721539,351.9931,355.2986,-0.8267828,-1.406949,-1.393306,-2.064853,3.213355,-2.197035,-0.2861084,-0.00249834,0.4204894,37.18395,286.6963,354.801,0.9053987,1.331894,-0.9369631,1.757504,-3.505763,-0.5828018,0.516014,0.720235,0.5742412,316.5458,60.65862,7.025717,
5928.982,-0.01440681,0.03788371,0.1364812,0.2977349,0.03894024,0.01153505,0.1764406,0.4945436,0.2564183,1.507159,351.9065,355.3566,-0.7506111,-1.395824,-1.48069,-1.986259,3.387445,-2.197888,-0.2945897,-0.02060829,0.400801,38.74023,282.3523,352.0315,0.8702818,1.264484,-1.017022,2.078635,-3.664401,-0.6086137,0.5266842,0.7349587,0.5607299,315.2242,64.69687,6.507691,
5943.028,-0.01639976,0.03565891,0.1399904,0.2840762,0.06361817,0.004262973,0.1761612,0.4948705,0.2584016,1.325337,351.8047,355.4282,-0.6633373,-1.379173,-1.560308,-1.843565,3.545507,-2.120098,-0.3018057,-0.03841209,0.380216,40.28677,278.0392,349.3574,0.8232765,1.209019,-1.082408,2.25875,-3.800699,-0.689434,0.536678,0.7487745,0.5468193,313.7473,68.71724,6.015791,
5956.766,-0.01742034,0.03235719,0.1416705,0.2565501,0.07563218,-0.01750399,0.1758941,0.4951876,0.260379,1.206949,351.7327,355.5308,-0.570655,-1.358182,-1.630029,-1.676961,3.681584,-1.965225,-0.3081223,-0.05589525,0.3587699,41.83946,273.7855,346.8272,0.7645901,1.135227,-1.133555,2.263364,-3.741559,-0.6429007,0.5457255,0.7614772,0.5321235,312.5881,72.05219,5.908941,
5970.916,-0.01819356,0.02848798,0.1424643,0.2225136,0.06507087,-0.03484127,0.1755579,0.4954741,0.2623371,1.114284,351.7122,355.6068,-0.491196,-1.329448,-1.692146,-1.658904,3.787683,-1.872152,-0.3135287,-0.07282497,0.3368519,43.05859,269.0618,343.8112,0.6998769,1.037262,-1.191844,2.203884,-3.233638,-0.6421725,0.5538409,0.7732761,0.5158288,312.1279,74.97081,5.129569,
5984.981,-0.01878611,0.0238111,0.1425352,0.1896381,0.04312177,-0.04772462,0.175239,0.4957033,0.2643012,1.039935,351.7174,355.6994,-0.3978401,-1.277314,-1.768482,-1.832738,3.857711,-1.812333,-0.3167132,-0.08862885,0.3134584,43.55239,263.7459,340.4141,0.6619747,0.9681454,-1.232948,2.142095,-2.61957,-0.8102369,0.5617521,0.7846643,0.4997598,312.0111,78.07355,3.358017,
5998.684,-0.01942509,0.01898579,0.1416436,0.172457,0.02927459,-0.0583549,0.1749015,0.4958486,0.2662153,0.9400607,351.7018,355.7832,-0.2841209,-1.220394,-1.839489,-1.939643,4.04679,-1.771978,-0.3182676,-0.1037538,0.2898146,44.03341,257.9816,336.7211,0.6135345,0.8912193,-1.273437,1.985815,-1.932391,-1.085491,0.5685273,0.7949267,0.4831124,312.2239,80.96761,0.8029885,
6012.817,-0.02007053,0.0151403,0.1397928,0.1516598,0.02402829,-0.07432105,0.1746311,0.4960257,0.2680568,0.8898722,351.6782,355.9014,-0.154668,-1.169187,-1.880184,-1.865139,4.263653,-1.614851,-0.3183756,-0.1182432,0.2664793,44.88907,252.3122,333.101,0.5500249,0.806533,-1.293985,1.756959,-1.335958,-1.301886,0.5739686,0.8040451,0.4666696,312.5869,83.38853,358.2563,
6026.793,-0.02074691,0.01194533,0.137319,0.137911,0.01536783,-0.08929316,0.1742825,0.4961448,0.2698667,0.8310953,351.6878,356.0177,-0.02419835,-1.116132,-1.886296,-1.71426,4.386444,-1.363459,-0.3172054,-0.1317591,0.2435213,45.93697,246.9276,329.5971,0.4977389,0.745389,-1.293551,1.581287,-1.05057,-1.388062,0.5791306,0.8128365,0.4506814,312.8448,85.68536,356.1285,
6040.537,-0.02125111,0.008833543,0.1331685,0.1155137,0.007813192,-0.1048054,0.1739424,0.4961371,0.2715755,0.8063731,351.6961,356.1353,0.09467012,-1.048856,-1.86896,-1.60908,4.380037,-1.142487,-0.3148885,-0.1439435,0.221198,46.73497,241.717,326.085,0.4365524,0.6760767,-1.292794,1.48141,-0.9006709,-1.516748,0.5830985,0.820483,0.4346976,313.1643,88.20505,353.7743,
6054.291,-0.02156061,0.005106195,0.1290396,0.0934135,0.002618269,-0.1235151,0.1736339,0.4960886,0.2732254,0.8211468,351.7073,356.2759,0.1980164,-0.9614627,-1.838509,-1.58064,4.298443,-1.045244,-0.3113347,-0.1545417,0.1994753,46.98703,236.543,322.4457,0.3758577,0.605969,-1.283393,1.35446,-0.8045094,-1.696585,0.5863087,0.8270208,0.419379,313.49,90.78876,351.1224,
6068.481,-0.02234881,0.0008494514,0.1238772,0.06404717,-0.003105167,-0.1266591,0.1732685,0.4960441,0.274783,0.840547,351.7181,356.3566,0.3069105,-0.861756,-1.801928,-1.694633,4.374611,-0.9106768,-0.3064475,-0.1634982,0.178747,47.08339,230.7704,318.6025,0.3231441,0.5393689,-1.251065,1.178863,-0.6840212,-1.85272,0.5897084,0.8333452,0.4052763,313.8838,93.04028,348.4373,
6082.602,-0.02356512,-0.0009444836,0.1186396,0.03959734,-0.00440802,-0.1112016,0.1728796,0.4961424,0.2762768,0.8680182,351.7237,356.4067,0.4096779,-0.766467,-1.732865,-1.93559,4.394934,-0.5397242,-0.3012111,-0.1712914,0.15949,47.60769,225.0296,315.3898,0.2729085,0.4766767,-1.203041,1.120993,-0.7896781,-1.888331,0.5925243,0.8386981,0.3926075,314.1956,95.61239,345.9625,
6096.241,-0.02472134,-0.0003519736,0.1126661,0.02685663,-0.0006282273,-0.08386481,0.1724783,0.496237,0.2776456,0.8518907,351.7139,356.4149,0.4866897,-0.6661267,-1.630523,-2.183288,4.23054,-0.2577358,-0.2955126,-0.1775594,0.1421568,48.04694,219.7327,312.701,0.2243596,0.4154046,-1.13249,1.176582,-1.044956,-1.705317,0.5949144,0.8434561,0.3819291,314.3969,98.38243,344.1388,
6110.437,-0.02552256,-0.0002834722,0.1060817,0.01975063,0.003042359,-0.06365795,0.1720891,0.4961437,0.2789282,0.8412123,351.7101,356.4446,0.5268271,-0.5622255,-1.493917,-2.184297,3.864486,-0.1371903,-0.2899573,-0.182458,0.1275375,48.21328,215.4247,310.3683,0.17643,0.3527102,-1.01019,1.209965,-1.114205,-1.254642,0.5967238,0.8475963,0.3733421,314.5637,100.215,343.6191,
6124.344,-0.02604633,-0.002446468,0.09762482,-0.007842677,0.005145128,-0.06150794,0.1717052,0.4960588,0.279982,0.9427861,351.7043,356.4811,0.5278164,-0.4641517,-1.329284,-1.948126,3.34754,-0.07593668,-0.2849991,-0.1862715,0.1153968,48.25327,212.3327,308.5102,0.1430086,0.2995986,-0.8837776,1.054119,-0.8733431,-0.9449547,0.598032,0.8511395,0.365423,314.8777,101.0144,343.3367,
6138.187,-0.02586384,-0.005534093,0.08899934,-0.04571107,0.01363595,-0.07383435,0.1713356,0.495874,0.2809426,1.060758,351.6804,356.5338,0.5046173,-0.3776758,-1.1528,-1.699464,2.789251,0.02252346,-0.2804426,-0.189184,0.1052687,48.41326,210.0666,307.2212,0.1115385,0.2508923,-0.7584853,0.7440168,-0.537712,-0.8269314,0.5986441,0.8535651,0.3585806,315.1758,101.2352,342.8133,
6152.298,-0.02494843,-0.00803764,0.07906322,-0.08608044,0.03008803,-0.0889973,0.1710504,0.4957785,0.2817294,1.223025,351.6345,356.5928,0.4625961,-0.30257,-0.9787951,-1.472217,2.243941,0.08821809,-0.2767,-0.1914943,0.0969829,48.59239,208.4509,306.4282,0.08207615,0.2093303,-0.6394345,0.4876151,-0.3349437,-0.7525076,0.5990643,0.8553756,0.3533445,315.3477,101.4487,342.2175,
6166.348,-0.02391863,-0.009301066,0.06956301,-0.0967738,0.04307344,-0.08878985,0.1707622,0.4957234,0.2824388,1.314941,351.5824,356.6251,0.4024329,-0.2357864,-0.8149399,-1.168074,1.777583,0.054993,-0.2737275,-0.1931638,0.09063111,48.55012,207.3679,305.7879,0.06100237,0.1718819,-0.5209196,0.3952533,-0.2406918,-0.5777742,0.5993857,0.8568724,0.349915,315.4934,101.6754,342.0195,
6180.114,-0.0223457,-0.008580437,0.06013956,-0.08417344,0.05519022,-0.08412519,0.1704939,0.4956431,0.2830377,1.35411,351.5359,356.6796,0.3282515,-0.1729755,-0.6625077,-0.740948,1.370444,-0.09904465,-0.2716159,-0.1942616,0.08615075,48.13454,206.9297,305.2331,0.04579078,0.1388397,-0.4028619,0.4481295,-0.1873594,-0.3174501,0.5993283,0.8581753,0.3479905,315.7072,101.8401,342.3495,
6193.915,-0.02106498,-0.006884809,0.04955718,-0.06775109,0.06088126,-0.06939483,0.1702048,0.4955803,0.2834246,1.391716,351.4821,356.6888,0.2478569,-0.119131,-0.5204411,-0.2275334,1.081052,-0.3194394,-0.2711119,-0.1963365,0.08320158,47.37933,206.9146,304.5208,0.02325042,0.1128365,-0.2869043,0.3618586,-0.1370596,-0.1160088,0.5986379,0.8590876,0.3472819,315.7064,101.7451,342.7249,
6208.011,-0.02007064,-0.006141775,0.04014669,-0.05830969,0.06796477,-0.05014608,0.1699341,0.4954627,0.2836693,1.436664,351.4142,356.6877,0.1725847,-0.08312349,-0.3787867,0.1959853,0.8665753,-0.4081706,-0.27207,-0.199284,0.08178695,46.78474,207.0587,303.7336,-0.004858799,0.08935182,-0.173896,0.1175603,-0.06037288,-0.01967766,0.5978083,0.8594066,0.3477819,315.4773,101.34,342.9159,
6221.897,-0.01885967,-0.005953524,0.02840851,-0.0575427,0.07420845,-0.03604206,0.1697266,0.4954004,0.2836981,1.502256,351.3474,356.683,0.1118907,-0.06544988,-0.2536567,0.4162606,0.6404508,-0.3636383,-0.2732147,-0.201831,0.08152577,46.52811,207.3491,303.2447,-0.02776458,0.06319766,-0.06396597,-0.1028293,0.02433858,0.02001339,0.5969915,0.8592017,0.3497401,315.2307,100.8109,343.0335,
6235.592,-0.01737442,-0.006480652,0.01790925,-0.05653781,0.08000003,-0.02979869,0.1694902,0.4952585,0.2836536,1.541531,351.2847,356.6812,0.04859558,-0.04340389,-0.1026118,0.5353585,0.3499922,-0.2792343,-0.2733284,-0.2012205,0.08473128,46.49355,208.0135,303.2024,-0.04562641,0.0271514,0.06036367,-0.2026945,0.06751324,0.1133776,0.5959571,0.8582814,0.3539021,315.0093,100.2761,343.3734,
6249.738,-0.01614978,-0.006837599,0.005915879,-0.05447515,0.07651078,-0.01683893,0.169244,0.4951989,0.2838388,1.580784,351.233,356.659,-0.01354128,-0.0233805,0.04904947,0.6572626,0.03728113,-0.1911785,-0.2739987,-0.2002636,0.08984043,46.59838,209.0849,303.4666,-0.05914543,-0.006300032,0.1763044,-0.2893109,0.0949313,0.2610439,0.5948172,0.8569505,0.3592807,314.7033,99.55953,343.9921,
6263.687,-0.01436529,-0.006839743,-0.004726459,-0.04280505,0.07794631,-0.01047447,0.1690929,0.4950826,0.2834463,1.592328,351.1731,356.6664,-0.07292457,-0.006349842,0.1988222,0.8285394,-0.2743867,-0.1201665,-0.275676,-0.1997487,0.09653117,46.77816,210.5984,303.9244,-0.06930123,-0.0446176,0.3019424,-0.4284985,0.1758321,0.4491184,0.5937885,0.8548101,0.3663803,314.328,98.36441,344.9765,
6277.17,-0.01226646,-0.005675651,-0.01513878,-0.0271739,0.07502446,-0.007466333,0.1690844,0.4950633,0.2825142,1.582497,351.1127,356.6726,-0.116682,0.003429658,0.3231787,0.9687611,-0.5175801,-0.04307163,-0.277718,-0.19943,0.104024,47.05723,212.246,304.4521,-0.07179523,-0.08442007,0.412425,-0.4998041,0.2684212,0.6366585,0.5929587,0.8521451,0.3745201,314.0582,96.94289,346.2509,
6291.401,-0.009829085,-0.004292381,-0.02504549,-0.01399316,0.07139954,0.006022202,0.1690031,0.4950125,0.2819163,1.568416,351.0693,356.6383,-0.1651206,0.01804635,0.4796727,1.172891,-0.8151453,0.00580588,-0.280257,-0.198747,0.1142404,47.39519,214.4888,305.2728,-0.07099622,-0.1439465,0.5606304,-0.5323146,0.3664944,0.9445019,0.5920266,0.8481675,0.3855017,313.8659,95.04279,348.2079,
6305.38,-0.007734613,-0.003365554,-0.03429125,-0.009754591,0.05772576,0.02155595,0.1689736,0.4950142,0.2811739,1.573039,351.0414,356.6,-0.194637,0.03121002,0.5887064,1.325075,-1.027176,-0.0174464,-0.2825553,-0.1978073,0.1246155,47.60025,216.7854,306.1027,-0.07272848,-0.2005585,0.6871192,-0.5838787,0.3696891,1.245802,0.5910837,0.8434076,0.3972758,313.5807,92.99052,350.446,
6319.17,-0.00498289,-0.002600663,-0.04351299,-0.009683481,0.05226875,0.02244053,0.1689836,0.4950067,0.2803407,1.581339,351.0092,356.5904,-0.2194699,0.04817373,0.704971,1.470818,-1.247407,-0.07187933,-0.2849237,-0.1965341,0.1367339,47.73947,219.4211,307.1107,-0.07536122,-0.2540053,0.7902273,-0.6404879,0.3122875,1.510193,0.5901842,0.8379343,0.4098002,313.2549,90.79668,352.9258,
6333.386,-0.002426689,-0.002349979,-0.05186066,-0.005702062,0.04480463,0.01779546,0.1690368,0.4949369,0.2794186,1.574154,350.9747,356.5839,-0.2294607,0.06420284,0.808846,1.512282,-1.435995,-0.04751921,-0.2869428,-0.19493,0.149765,47.98631,222.1075,308.3469,-0.0752511,-0.3326435,0.9163756,-0.6905928,0.232762,1.809539,0.5893896,0.8306556,0.4246078,312.9836,88.27418,355.8859,
6347.184,0.0009764936,-0.002734195,-0.06015986,-0.01155397,0.04046436,0.01322257,0.1691507,0.494868,0.2783902,1.601195,350.96,356.5757,-0.2244383,0.08136316,0.898526,1.517641,-1.545117,0.01801986,-0.2885985,-0.1929697,0.163525,48.31219,224.7052,309.6066,-0.07358637,-0.3963266,1.0017,-0.7360633,0.173948,1.994005,0.5886236,0.8231232,0.4392498,312.855,85.72081,358.7961,
6361.106,0.004133718,-0.00352206,-0.06725432,-0.02247432,0.02155573,0.02078409,0.16932,0.4948193,0.2772968,1.627386,350.9777,356.5279,-0.2132785,0.1001303,0.977871,1.570666,-1.622165,0.02186215,-0.2901218,-0.1908393,0.1781393,48.56989,227.3764,310.7913,-0.07345682,-0.4735725,1.087507,-0.7912947,0.1194778,2.145941,0.5876747,0.8140864,0.4551044,312.8462,83.0085,1.838633,
6374.843,0.006798916,-0.002830907,-0.07301903,-0.03579195,-0.01206788,0.03919334,0.1694389,0.494886,0.2761616,1.650839,351.0632,356.4388,-0.1980023,0.1198101,1.049261,1.666844,-1.673764,-0.03905848,-0.291394,-0.1884289,0.193565,48.73516,230.1033,311.8324,-0.07981807,-0.5737942,1.170829,-0.9582202,0.196468,2.128077,0.5864229,0.803099,0.4718065,312.953,80.16068,4.476558,
6388.923,0.009589447,-0.001663258,-0.07747599,-0.03946703,-0.04412196,0.05320036,0.1696382,0.4948997,0.2749887,1.65556,351.1446,356.3671,-0.1787094,0.1412227,1.114851,1.747685,-1.740442,-0.08834258,-0.2922167,-0.1855859,0.2095187,48.8888,232.9737,312.9619,-0.08582205,-0.6445172,1.208013,-1.061479,0.3351254,1.990084,0.5851561,0.7921045,0.4877811,313.2372,77.61198,6.553041,
6402.97,0.01264456,-0.0005961373,-0.0810435,-0.0292762,-0.07540814,0.04383903,0.1699399,0.4949138,0.2737721,1.651313,351.2465,356.3703,-0.1581569,0.1650163,1.172946,1.76961,-1.850184,-0.1050949,-0.2930278,-0.1826645,0.2258256,48.99809,236.0369,314.3584,-0.091995,-0.7319191,1.246832,-1.186066,0.6140965,1.844822,0.5837636,0.7794393,0.5044831,313.8227,74.91584,8.287912,
6416.725,0.01572784,-0.0003293954,-0.08375161,-0.0189774,-0.09106692,0.01721238,0.1702657,0.4948172,0.2725216,1.650317,351.3448,356.4095,-0.1347106,0.1935664,1.220156,1.7469,-1.955542,-0.1769838,-0.2932564,-0.1793158,0.2424704,48.90827,239.1098,315.7643,-0.0988996,-0.8231363,1.279367,-1.187873,0.8336818,1.788317,0.5820175,0.7655808,0.5215533,314.6791,72.39829,9.943173,
6430.815,0.01888473,-0.001037157,-0.08783099,-0.02634983,-0.1049369,0.002544855,0.1706125,0.4947204,0.2711606,1.687447,351.4496,356.3987,-0.1036438,0.2249166,1.257035,1.724144,-1.979604,-0.3143152,-0.293047,-0.1755663,0.2596407,48.69617,241.9183,316.8213,-0.1124826,-0.9169457,1.308159,-1.159001,0.9985601,1.807307,0.5795763,0.750433,0.5389267,315.7361,69.93089,11.59708,
6444.768,0.02106646,-0.003502314,-0.09188372,-0.05092389,-0.1114291,0.00823602,0.1709554,0.4945763,0.269713,1.778067,351.5468,356.3419,-0.07071924,0.2579226,1.295301,1.702133,-2.018036,-0.3991286,-0.2925099,-0.1712794,0.2774345,48.47892,244.7785,317.926,-0.1382968,-1.013201,1.330963,-1.171304,1.19744,1.82366,0.576471,0.7340619,0.5561576,316.9597,67.41375,13.05916,
6458.402,0.02330239,-0.007845985,-0.09724046,-0.09566209,-0.1164355,0.01053991,0.1713563,0.4943365,0.2682061,1.921112,351.6506,356.2878,-0.03450263,0.2940552,1.337005,1.67568,-2.08553,-0.3247612,-0.2913928,-0.1662916,0.2955389,48.38832,247.8651,319.4396,-0.1763856,-1.112399,1.346178,-1.219738,1.438658,1.804884,0.5726188,0.7162081,0.5733379,318.2959,64.87029,14.21401,
6472.465,0.02516397,-0.01107691,-0.1016239,-0.1363489,-0.1181863,0.008945171,0.1717488,0.4941958,0.2666578,2.083847,351.7522,356.2304,-0.0002433658,0.3298979,1.370849,1.63108,-2.143207,-0.1673008,-0.289827,-0.1606587,0.3135724,48.34002,251.0565,321.2744,-0.2214298,-1.214248,1.35456,-1.219035,1.585398,1.802018,0.5680028,0.6967299,0.5905976,319.6873,62.5136,15.22688,
6486.465,0.02664819,-0.01343912,-0.1053587,-0.1560386,-0.1205525,0.01240603,0.1721144,0.4940505,0.2651547,2.203951,351.8567,356.1665,0.04142064,0.3836654,1.400949,1.551576,-2.157483,-0.03244251,-0.2874964,-0.1536108,0.3322436,48.21059,254.093,323.1162,-0.2705873,-1.324522,1.363042,-1.163134,1.599579,1.995686,0.5622149,0.6758194,0.6079295,321.4171,60.23824,16.53182,
6500.355,0.0270231,-0.01411931,-0.1081764,-0.1659728,-0.1220727,0.02826421,0.1724471,0.4938525,0.2635781,2.312831,351.9619,356.0624,0.08403265,0.4507896,1.431528,1.48619,-2.199198,0.1141972,-0.2845195,-0.1451733,0.3513977,47.99102,257.2377,325.1475,-0.3476769,-1.457605,1.373659,-1.235651,1.648527,2.432946,0.554293,0.6531847,0.6248232,323.7623,57.46598,18.27414,
6514.061,0.02612052,-0.01547502,-0.1110034,-0.1782821,-0.1318687,0.05170354,0.1727728,0.4935578,0.2619975,2.444889,352.0863,355.9423,0.130539,0.530921,1.469774,1.522569,-2.300626,0.2669049,-0.2808319,-0.1352825,0.3709337,47.7389,260.8007,327.4648,-0.4422913,-1.562911,1.355266,-1.384382,1.800536,2.621776,0.5452532,0.6303487,0.6400127,326.0274,54.62802,19.53119,
6527.808,0.02507368,-0.01758799,-0.113009,-0.1944942,-0.1404771,0.05930793,0.1730386,0.4932631,0.2603574,2.601726,352.2162,355.8328,0.1776146,0.6276094,1.512388,1.592731,-2.520993,0.3518835,-0.2764945,-0.1237404,0.3907344,47.20785,264.8178,329.9613,-0.5562894,-1.649484,1.304372,-1.48988,2.157074,2.539436,0.5344234,0.6066589,0.6538365,328.0996,51.87558,19.90895,
6541.827,0.02316971,-0.01948271,-0.1135614,-0.1989678,-0.1433642,0.04316853,0.173204,0.4930273,0.2588311,2.743173,352.348,355.8023,0.2231072,0.7432777,1.552556,1.621051,-2.862912,0.3457986,-0.2715786,-0.1103451,0.4108003,46.21084,269.1078,332.3897,-0.6838225,-1.722341,1.238446,-1.641176,2.506665,2.424522,0.522222,0.5821721,0.6663852,330.0719,48.90414,20.06987,
6555.511,0.02051124,-0.01859275,-0.1121162,-0.1801649,-0.1360199,0.0183127,0.1734549,0.4928695,0.2573308,2.843285,352.4341,355.8103,0.2637407,0.8770115,1.588393,1.552549,-3.346457,0.4145826,-0.2661625,-0.09517421,0.4307482,44.59238,273.7385,334.9954,-0.8094471,-1.78968,1.159418,-1.791733,2.622831,2.401836,0.5085169,0.5569912,0.677672,332.0923,45.99392,20.42951,
6569.684,0.01864018,-0.01710664,-0.1092886,-0.149587,-0.1255808,-0.006917699,0.1736733,0.4926028,0.2559442,2.894091,352.5244,355.8343,0.3005578,0.9993052,1.607776,1.405201,-3.771683,0.5908096,-0.2603304,-0.07923333,0.4501026,42.54313,278.287,337.5854,-0.9258831,-1.855712,1.06302,-1.896926,2.512336,2.436784,0.4933464,0.5310607,0.6873316,334.158,43.38818,20.96843,
6583.774,0.01592898,-0.01621044,-0.1059687,-0.1412589,-0.1231973,-0.01531233,0.1737904,0.4923033,0.2545482,3.00563,352.6344,355.8101,0.3530376,1.147936,1.60914,1.198463,-4.149577,0.9113562,-0.2532713,-0.06106881,0.4690497,40.00731,282.724,340.1853,-1.036628,-1.916124,0.9581549,-1.986348,2.528468,2.489026,0.47732,0.5047963,0.6953754,336.3843,40.71259,21.25326,
6597.294,0.01236431,-0.01826619,-0.1028556,-0.1545048,-0.1244696,-0.02506295,0.1737783,0.491881,0.2531636,3.162605,352.7581,355.8033,0.4094047,1.257708,1.582509,1.039664,-4.229651,1.209797,-0.2456038,-0.04268114,0.4870707,37.61695,286.5378,342.4172,-1.128478,-1.968994,0.8434961,-1.895921,2.512161,2.524752,0.460398,0.477712,0.7020109,338.5762,38.48648,21.10835,
6611.36,0.009143934,-0.02232643,-0.1004115,-0.1826419,-0.1160799,-0.03625312,0.1738063,0.4914045,0.2518107,3.374276,352.8352,355.799,0.4682333,1.335283,1.544446,1.024364,-4.148516,1.4722,-0.2373222,-0.02407235,0.504274,35.41272,290.1145,344.5579,-1.226327,-2.022167,0.7422467,-2.143239,2.458549,2.688994,0.442326,0.450684,0.7074977,341.1907,35.76194,21.41155,
6625.438,0.005348239,-0.02708469,-0.09733532,-0.2156778,-0.08710376,-0.05768579,0.1737497,0.4909747,0.2505616,3.615747,352.8686,355.8263,0.5503863,1.414007,1.480941,1.222403,-3.950075,1.732352,-0.2277087,-0.004058735,0.5201442,33.47369,293.7159,346.942,-1.324179,-2.059569,0.636861,-2.671653,2.288057,2.712259,0.4235835,0.4240384,0.7111988,343.8469,32.62249,22.36627,
6639.013,0.002108019,-0.03011414,-0.09374441,-0.2322492,-0.04846877,-0.08411207,0.1737251,0.4904673,0.2493724,3.841284,352.8489,355.8899,0.6126791,1.467377,1.418838,1.313337,-3.802722,1.888368,-0.2179707,0.01569754,0.5351133,31.39469,297.029,348.9475,-1.410889,-2.0601,0.4909041,-3.036382,2.173058,2.568549,0.4042974,0.3988063,0.7119007,346.2868,29.56695,23.19871,
6653.118,-0.00182166,-0.03297425,-0.08933895,-0.2546144,-0.003308638,-0.08968066,0.1735801,0.4899069,0.248252,4.095921,352.8107,355.887,0.6777342,1.518362,1.336296,1.36829,-3.61665,2.033409,-0.2071898,0.0361823,0.5487751,29.27015,300.021,350.7835,-1.45421,-2.014312,0.3388589,-2.774513,2.479365,2.514914,0.3860784,0.3748944,0.7109109,348.3278,26.82773,22.45958,
6667.075,-0.00578047,-0.03683782,-0.08508193,-0.2823017,0.01687883,-0.07833607,0.1733863,0.4892045,0.2472007,4.377407,352.7924,355.8512,0.7414495,1.555337,1.246892,1.518103,-3.391519,2.196109,-0.1955525,0.05665294,0.5610981,27.15424,302.9274,352.7494,-1.461255,-1.941412,0.1933061,-2.156111,2.839029,2.721434,0.3684914,0.3520894,0.7089006,350.2578,24.49383,20.43444,
6680.922,-0.009153372,-0.04199141,-0.08002117,-0.3306028,0.04109412,-0.08352653,0.1732008,0.4885815,0.2462296,4.760944,352.7499,355.8534,0.8085768,1.572574,1.152585,1.807326,-3.158375,2.293254,-0.1830627,0.07662679,0.5719614,25.15784,305.9243,354.9201,-1.450507,-1.872726,0.08355147,-1.735151,2.891148,2.890316,0.3510975,0.3297866,0.7062974,352.1671,22.42825,18.4726,
6694.644,-0.01095988,-0.04413991,-0.07402034,-0.3574157,0.07373773,-0.1135185,0.1730731,0.488094,0.2454678,5.098987,352.6719,355.9355,0.8779376,1.56456,1.053977,2.076288,-2.996155,2.18231,-0.1699778,0.09596996,0.5815749,23.41175,308.9615,356.8749,-1.426732,-1.810848,-0.02441192,-1.610689,2.657404,2.958299,0.3339037,0.3080759,0.7026076,354.2036,20.61712,17.00525,
6708.713,-0.01269179,-0.04484056,-0.06613427,-0.3354369,0.1020774,-0.1317253,0.1729077,0.4873753,0.2448607,5.315697,352.5786,356.0205,0.9415469,1.541831,0.9523634,2.158496,-2.969317,2.011647,-0.1565105,0.1146759,0.5898163,21.64065,311.8944,358.3224,-1.399978,-1.75804,-0.1135903,-1.860313,2.211627,2.921514,0.3167885,0.2881413,0.6981711,356.6929,18.96689,16.35466,
6722.81,-0.0159208,-0.04532113,-0.05860947,-0.3352522,0.1067483,-0.1080889,0.1725823,0.4867423,0.2442006,5.614816,352.5161,355.9619,0.9925617,1.513676,0.8478763,2.00849,-3.040657,1.988513,-0.1426681,0.1325813,0.5967098,19.50771,314.5505,359.1586,-1.373258,-1.677354,-0.2015134,-1.895459,2.04841,3.007784,0.3005013,0.2703288,0.6924711,359.0315,17.13835,15.06999,
6736.339,-0.02008571,-0.04742157,-0.052055,-0.345334,0.09028942,-0.05948684,0.1720842,0.4859744,0.2437228,5.886901,352.5036,355.8307,1.028643,1.482854,0.755767,1.725642,-3.115781,2.084161,-0.1283956,0.1496262,0.6027961,17.10222,316.9064,359.4489,-1.335332,-1.561092,-0.2803081,-1.621126,2.016642,3.182863,0.2856266,0.2541945,0.6863203,0.8922154,15.32119,12.93506,
6750.422,-0.02569391,-0.04943633,-0.04415825,-0.3646924,0.03891813,-0.0157994,0.1715947,0.4853416,0.2432969,6.190689,352.5794,355.6934,1.061664,1.423789,0.6532872,1.398998,-3.167062,2.123455,-0.1137007,0.1651804,0.6074048,14.81447,319.1043,359.2888,-1.286126,-1.436085,-0.3416213,-1.357397,1.87655,3.11188,0.2709944,0.2390077,0.6799601,2.293561,13.79718,11.08161,
6764.309,-0.03066517,-0.0477954,-0.03651814,-0.3827728,-0.02670914,0.02162576,0.1709742,0.4849551,0.2431387,6.485436,352.7281,355.5108,1.087661,1.339633,0.5568633,1.184428,-3.174361,2.006492,-0.09917744,0.1792499,0.6109895,12.95106,321.3572,359.0976,-1.234266,-1.329098,-0.3842107,-1.387604,1.63869,2.750587,0.256896,0.2250269,0.6737826,3.714786,12.48044,10.19732,
6777.99,-0.03307501,-0.04367502,-0.02625543,-0.3476641,-0.06173603,-0.01589017,0.1705126,0.4844667,0.2430881,6.664906,352.8372,355.6131,1.108216,1.239936,0.4703473,1.039773,-3.254349,1.770977,-0.08512695,0.1918927,0.6136453,11.47781,323.8806,358.8603,-1.170476,-1.208544,-0.4111139,-1.573151,1.37732,2.257191,0.2435642,0.2138484,0.6678921,5.26575,11.37659,10.03651,
6792.152,-0.03202494,-0.04210272,-0.01714149,-0.2947163,-0.0304349,-0.1503038,0.1702474,0.483663,0.2430683,6.918927,352.8546,355.9991,1.119109,1.13145,0.387831,0.8883483,-3.377901,1.533792,-0.07154444,0.2029621,0.6152903,10.22285,326.5813,358.4865,-1.11216,-1.070193,-0.4244402,-1.515145,1.324223,1.8518,0.2314374,0.2045957,0.6618089,6.301672,10.08869,9.742572,
6806.062,-0.03053392,-0.04321339,-0.01040285,-0.2870586,0.03128129,-0.2650975,0.169888,0.4829557,0.2429894,7.273487,352.8033,356.3173,1.103964,1.017131,0.3077739,0.7050954,-3.375471,1.339864,-0.05916771,0.212565,0.6162602,9.169541,329.0586,357.9976,-1.049078,-0.9142538,-0.426199,-1.343067,1.382011,1.60323,0.2205598,0.1975825,0.6562582,6.999743,8.623326,9.228051,
6820.007,-0.02964746,-0.04543889,-0.006052928,-0.2941325,0.09975121,-0.3100563,0.1694896,0.4822412,0.2429191,7.604601,352.6855,356.5332,1.050374,0.9047546,0.2281889,0.4662514,-3.094418,1.284984,-0.04802193,0.2208431,0.616416,8.1658,330.7682,357.3148,-0.9605538,-0.7529965,-0.4151202,-1.143157,1.315964,1.568924,0.2119491,0.1927781,0.6512901,7.676353,7.352853,8.304705,
6833.797,-0.02972127,-0.0467573,-0.003992392,-0.3197781,0.1427917,-0.2734248,0.1690796,0.481609,0.2428153,7.94478,352.56,356.5544,0.979021,0.8112813,0.1635053,0.3191953,-2.685647,1.261116,-0.03796651,0.2283197,0.6162667,7.214102,331.9467,356.7132,-0.841598,-0.5878275,-0.3933873,-0.8346066,1.081507,1.638862,0.2051321,0.1899222,0.6468917,8.099776,6.536124,6.986979,
6847.831,-0.02940837,-0.04558083,-0.003804185,-0.3654484,0.157345,-0.1901162,0.1687017,0.4811896,0.2427152,8.319938,352.4385,356.4396,0.8632175,0.6881527,0.09154615,0.3174422,-2.102455,1.100513,-0.02988991,0.2335373,0.6152806,6.549376,332.4821,356.5754,-0.7095658,-0.430216,-0.3597314,-0.5145783,0.7270739,1.591895,0.1994994,0.1884598,0.6430871,8.258046,6.282517,5.774334,
6861.758,-0.0273492,-0.04338196,-0.003711036,-0.3699977,0.1636127,-0.1168371,0.1684324,0.4807063,0.2426741,8.583425,352.3153,356.383,0.7636501,0.5749581,0.04555148,0.3420489,-1.710648,0.8347236,-0.02256712,0.2376592,0.6145824,6.158237,333.1456,356.6657,-0.5895364,-0.2839077,-0.3191543,-0.2394098,0.4442753,1.324955,0.1944336,0.1886546,0.6399076,8.141036,6.308338,5.110548,
6875.376,-0.02303329,-0.03941767,-0.004142887,-0.3439628,0.1740142,-0.06880605,0.1683564,0.4803462,0.2425695,8.784982,352.1472,356.3316,0.6677415,0.4581792,0.01909235,0.2949621,-1.396766,0.5045351,-0.01638435,0.2405521,0.6142201,6.159993,333.7468,356.8242,-0.4973832,-0.1517477,-0.2784952,-0.03164867,0.3882776,1.052453,0.1901885,0.1900819,0.6371628,7.852375,6.05295,4.707676,
6889.489,-0.01747485,-0.03406798,-0.005377713,-0.2954787,0.1820789,-0.04030395,0.1683281,0.4800348,0.2424189,8.93877,351.9931,356.3253,0.5760684,0.3465765,0.004972622,0.2237117,-1.102812,0.2072184,-0.01106927,0.2423597,0.6138673,6.375199,334.1753,357.0302,-0.4215479,-0.03244043,-0.2403036,0.1548917,0.427475,0.8559871,0.1868907,0.1926453,0.6349015,7.42446,5.60656,4.329266,
6903.474,-0.01199718,-0.02922148,-0.007597062,-0.255158,0.1867443,-0.02908335,0.1683176,0.4797713,0.242201,9.081461,351.8538,356.3169,0.5047239,0.2604044,-0.0009461194,0.1640324,-0.9100558,0.04549146,-0.006409582,0.2434846,0.6136068,6.523925,334.5975,357.1637,-0.3386073,0.09115965,-0.2010042,0.4230052,0.4425587,0.6555061,0.1848459,0.1964321,0.6330767,6.635252,5.244084,4.035754,
6917.255,-0.006191705,-0.0237333,-0.01107977,-0.2064496,0.1777587,-0.01563072,0.1683493,0.4796083,0.2419361,9.169658,351.7481,356.3004,0.4298017,0.1663867,-0.00137037,0.07396799,-0.7435517,-0.09512076,-0.002782546,0.2431604,0.6135418,6.81382,334.932,357.2591,-0.2641598,0.17978,-0.1682463,0.6348386,0.3601328,0.4267389,0.1832577,0.200243,0.631572,5.765977,5.158016,3.918765,
6931.22,-0.002105297,-0.01828928,-0.01422894,-0.1628146,0.1558037,0.0001306672,0.1684562,0.4795475,0.2416237,9.215549,351.6642,356.2734,0.3490722,0.066268,0.002813116,-0.1267072,-0.5443227,-0.1578094,-0.0001440495,0.2416756,0.6138268,7.268213,335.0257,357.0515,-0.1960164,0.2466666,-0.1370144,0.7828935,0.23738,0.1895555,0.1820784,0.2044027,0.6304307,4.86235,5.282312,3.990101,
6945.22,0.001428689,-0.01097812,-0.01729728,-0.1022115,0.1106544,0.01766668,0.1685856,0.4796577,0.2413275,9.18483,351.6491,356.2373,0.2896795,7.721782E-05,0.005030908,-0.3127586,-0.3363944,-0.1387536,0.002414431,0.2402497,0.6140007,7.694672,334.8906,356.6586,-0.150977,0.2871704,-0.1118326,0.8460832,0.1837637,0.03649198,0.1810067,0.208533,0.6295305,4.042245,5.325873,4.074807,
6958.956,0.004815751,-0.00379119,-0.01978965,-0.03425889,0.07003302,0.02747642,0.1687267,0.4797995,0.2409788,9.080907,351.6546,356.2341,0.2326712,-0.06818049,0.008070625,-0.4826712,-0.1888978,-0.1669277,0.004347241,0.2379867,0.6142056,8.278323,334.7358,356.2377,-0.1127451,0.3184384,-0.07804052,0.8071173,0.2562962,-0.05809624,0.1806461,0.2129932,0.6293823,3.405245,5.071815,4.211934,
6973.067,0.008044302,0.002423625,-0.02199487,0.03029625,0.03269415,0.01962444,0.1689296,0.4799735,0.2406284,8.955073,351.6876,356.2697,0.1841932,-0.1207157,0.01092633,-0.581404,-0.1301494,-0.21414,0.005457843,0.2356086,0.6144138,8.877983,334.7325,355.8952,-0.08312358,0.3283137,-0.0523288,0.7320864,0.3150886,-0.08627853,0.180568,0.2170339,0.629301,2.908807,4.768138,4.276274,
6987.031,0.01112699,0.006725221,-0.02393889,0.09284137,0.0002013387,0.002083398,0.1691444,0.4800764,0.2402439,8.783909,351.7612,356.3549,0.1381642,-0.1499953,0.008024141,-0.5921018,0.008717482,-0.2313588,0.006235318,0.2333963,0.6144536,9.388133,334.4824,355.6664,-0.0641879,0.3243177,-0.03134292,0.6289462,0.3970779,-0.09728745,0.1805692,0.2207247,0.6294309,2.542929,4.34315,4.351445,
7000.947,0.01334389,0.01022127,-0.02616066,0.1292357,-0.03607003,-0.0008068442,0.1693924,0.4803781,0.2397631,8.652237,351.8369,356.3685,0.0885911,-0.1658411,0.002898626,-0.5050456,0.181119,-0.2247106,0.006603576,0.2312026,0.614253,9.730935,334.0397,355.6261,-0.04112527,0.3068735,-0.009922446,0.4969889,0.4379642,-0.1116022,0.1810955,0.2240099,0.62983,2.341314,3.938568,4.470067,
7014.51,0.01551213,0.01233249,-0.02807309,0.157547,-0.05713361,-0.009725746,0.1696287,0.4805608,0.2393258,8.485881,351.9202,356.4343,0.05061574,-0.1665921,-0.002376104,-0.3559201,0.2798808,-0.2119046,0.006797299,0.2292594,0.6139513,9.901555,333.6761,355.7533,-0.002782108,0.2831999,0.005530264,0.4133989,0.2825857,-0.1463345,0.1824123,0.2268243,0.6303209,2.148973,4.01286,4.618282,
7028.591,0.0171568,0.01383623,-0.02961731,0.1722882,-0.06361772,-0.02559031,0.1699088,0.4807726,0.2388398,8.354802,351.9775,356.5199,0.02609111,-0.1613854,-0.005977902,-0.1894407,0.3061805,-0.2572403,0.006883487,0.2274504,0.6137012,10.0615,333.4882,356.0918,0.03638398,0.2524065,0.01620124,0.3256175,0.09440485,-0.09589707,0.1836805,0.2291997,0.6306235,2.075536,4.302546,4.577849,
7042.625,0.01848851,0.01512828,-0.03042301,0.1798798,-0.05565342,-0.02390974,0.1701613,0.4810248,0.238414,8.206374,352.0004,356.5622,0.01360809,-0.155711,-0.004945087,-0.07179323,0.2523214,-0.3466741,0.006789079,0.2256983,0.6136535,10.3154,333.5425,356.5112,0.07497644,0.2060181,0.02549291,0.2006184,-0.0547158,0.09745259,0.1855271,0.2307658,0.6312354,2.2214,4.569801,4.168354,
7056.427,0.01958985,0.01608213,-0.0301332,0.1935695,-0.04062124,-0.02392855,0.1704826,0.4812666,0.2380238,8.046806,352.0073,356.6297,0.005616947,-0.1482643,-0.001314749,-0.03370525,0.1815388,-0.3705874,0.006607443,0.2241355,0.613704,10.55381,333.641,356.7684,0.09222075,0.1735708,0.03072086,0.1235098,-0.08613572,0.2463078,0.1871498,0.2321878,0.6317989,2.334623,4.65003,3.722629,
7070.503,0.02008545,0.01656665,-0.02892256,0.2030147,-0.03495923,-0.002543383,0.170763,0.4814526,0.2377154,7.856183,352.0176,356.6237,-0.005886127,-0.1382755,0.001113449,-0.105741,0.1535808,-0.3121559,0.006293861,0.2228869,0.6136513,10.80551,333.5855,356.6975,0.1050066,0.1350972,0.0362534,0.05955199,-0.06347164,0.3578164,0.1889713,0.2328832,0.632456,2.478935,4.612637,3.246641,
7084.471,0.02038853,0.01634623,-0.02717437,0.2030875,-0.03424521,0.02936868,0.1710697,0.4816374,0.2373819,7.687878,352.0162,356.5793,-0.01845947,-0.1237158,0.003931672,-0.2200397,0.1200305,-0.2457143,0.005744064,0.2221739,0.6137618,11.10621,333.5083,356.4406,0.1174441,0.09478552,0.04102954,0.02824922,-0.04327511,0.2995674,0.1910249,0.2328077,0.633144,2.532494,4.595578,3.108725,
7098.14,0.02125677,0.01525485,-0.02566125,0.1849759,-0.02945146,0.05627234,0.1713742,0.48175,0.2370791,7.552285,352.0082,356.5253,-0.0347114,-0.09711625,0.009822069,-0.2780685,0.07034234,-0.1661286,0.004661616,0.2221017,0.6139686,11.29399,333.4848,356.1634,0.1357177,0.04597381,0.04659488,-0.03568349,-0.0619613,0.1198686,0.1935256,0.2318776,0.6340542,2.641173,4.686614,3.348067,
7112.234,0.02200038,0.01332231,-0.02446626,0.152765,-0.02202364,0.07093737,0.1716652,0.4818761,0.2367639,7.490216,351.998,356.4723,-0.06137858,-0.06012599,0.01526706,-0.3237542,0.05253059,-0.07701688,0.002860246,0.2227948,0.6142064,11.42518,333.3872,355.8291,0.1660869,-0.00987179,0.05640634,-0.131184,-0.1545743,-0.03904462,0.1966749,0.2301774,0.6352844,2.877023,4.988132,3.70108,
7126.17,0.02301064,0.01105387,-0.02292059,0.1087599,-0.009288151,0.07853355,0.1720262,0.4819954,0.2364898,7.458628,351.9583,356.414,-0.1026859,-0.008409372,0.01912492,-0.3674671,0.07227898,0.05237851,5.032867E-06,0.2247145,0.6145426,11.45007,333.1527,355.3737,0.2056036,-0.07567365,0.06958465,-0.3134485,-0.2441171,-0.03642243,0.2007105,0.2274895,0.6366987,3.456871,5.321413,3.819596,
7140.122,0.02482117,0.009384528,-0.02095453,0.08616193,0.008562698,0.06899995,0.1724423,0.4821324,0.2362787,7.420998,351.9138,356.4031,-0.1611191,0.06044482,0.02156281,-0.3490207,0.1410595,0.1877472,-0.00393874,0.2279819,0.6148556,11.3244,332.759,354.9693,0.2534709,-0.1505378,0.08206183,-0.557303,-0.3052743,0.1257471,0.2057704,0.2238624,0.6383262,4.416585,5.587399,3.578664,
7153.874,0.02754061,0.007996051,-0.01813669,0.07523283,0.02341703,0.04849265,0.1729222,0.4821943,0.2361255,7.368143,351.8765,356.4245,-0.2289004,0.1464878,0.02268822,-0.306038,0.1597116,0.3193595,-0.009106597,0.2327485,0.6149905,11.05919,332.4228,354.5648,0.3048369,-0.2300025,0.09225951,-0.805698,-0.2992451,0.3367222,0.2117774,0.2191461,0.6400279,5.628736,5.67227,3.117184,
7167.955,0.02993845,0.008093882,-0.01486632,0.06313772,0.02351175,0.03979034,0.1734215,0.4823795,0.2360346,7.340201,351.863,356.4089,-0.3055735,0.2489814,0.01853906,-0.2408154,0.1433118,0.4817381,-0.01560283,0.2392004,0.6148987,10.58539,332.1253,354.1218,0.3697236,-0.3194734,0.1052141,-0.9926646,-0.2653909,0.4214957,0.2191569,0.2128873,0.6421988,6.839316,5.682501,2.810402,
7181.927,0.03217593,0.009929835,-0.0106204,0.0594898,0.01008652,0.03722015,0.1739484,0.4826573,0.2360791,7.279369,351.8712,356.3893,-0.3934329,0.363106,0.009752661,-0.09828289,0.1445965,0.6638785,-0.02363411,0.2471139,0.6146539,9.822541,331.7979,353.7946,0.4351009,-0.397164,0.1200662,-1.077736,-0.2132802,0.2489992,0.2274526,0.2057521,0.6445902,7.825875,5.735719,3.067607,
7195.634,0.03476261,0.01367988,-0.004599329,0.08267228,-0.01454511,0.02902694,0.1744908,0.4830296,0.236262,7.147296,351.9423,356.42,-0.4987817,0.4861736,-0.001844749,-0.007188468,0.2679544,0.9437248,-0.03331406,0.25668,0.6144059,8.785038,331.0877,353.2993,0.5340167,-0.482588,0.1366947,-1.156135,-0.4086083,-0.2145724,0.2373308,0.1971008,0.6472342,8.715433,6.576111,4.172956,
7209.784,0.03641912,0.01902089,0.003560409,0.1350269,-0.06720407,0.04079942,0.1749919,0.4834127,0.2365637,6.904068,352.0689,356.39,-0.6140531,0.6184433,-0.01175199,-0.04168431,0.4477407,1.334553,-0.04435226,0.2682121,0.614424,7.480725,330.0161,352.373,0.6558343,-0.5727894,0.1521693,-1.260236,-0.7162461,-0.7313733,0.2491225,0.1873026,0.6501399,9.629543,8.021163,5.803885,
7223.774,0.03616747,0.02329145,0.01067082,0.1699153,-0.1271634,0.07390375,0.1753702,0.4838013,0.2369379,6.681698,352.2476,356.2829,-0.7161069,0.7468671,-0.02016014,-0.103055,0.6722416,1.815162,-0.0562523,0.281051,0.6144082,5.732707,328.6343,351.1365,0.8043911,-0.6603953,0.1581193,-1.305412,-1.216645,-1.145742,0.2630119,0.1762137,0.6528685,10.4296,10.28227,7.513346,
7237.407,0.03350675,0.02551548,0.01753389,0.1797888,-0.1903497,0.1179296,0.1756393,0.4841088,0.2372993,6.486652,352.4401,356.1295,-0.8325858,0.9132701,-0.03888384,-0.2236084,1.042305,2.508802,-0.06969652,0.2967124,0.6139919,3.200615,326.6584,349.3556,0.952583,-0.7442037,0.1515785,-1.328994,-1.688909,-1.368509,0.2782128,0.1640651,0.6550795,11.207,12.89041,9.049464,
7251.381,0.0310239,0.02373972,0.02074397,0.1617221,-0.2101298,0.1035148,0.175966,0.4842049,0.2376347,6.40378,352.6166,356.1209,-0.922192,1.059201,-0.06753656,-0.2605565,1.425909,3.033107,-0.08364287,0.3132965,0.6130562,0.3595856,324.5308,347.7418,1.081701,-0.8227893,0.1297713,-1.325785,-1.986134,-1.511134,0.2946113,0.1506929,0.6566263,11.87734,15.45276,10.54692,
7265.281,0.0276363,0.01927769,0.02261974,0.09508187,-0.2095026,0.07643901,0.1762297,0.4843542,0.2379508,6.469714,352.7549,356.0775,-1.011907,1.215229,-0.1136652,-0.2011512,1.865812,3.378645,-0.09875453,0.332244,0.6111091,357.3392,322.1075,346.4851,1.182866,-0.911118,0.09270638,-1.491643,-2.062984,-1.608343,0.3117976,0.1359591,0.6572986,12.81455,17.74193,12.31274,
7279.021,0.02393153,0.01493273,0.02431571,0.03218149,-0.179931,0.04087986,0.1764168,0.4845759,0.2383893,6.542395,352.8347,356.0849,-1.091236,1.363684,-0.1774359,-0.002696008,2.259392,3.434875,-0.1145422,0.3530705,0.6081129,354.5951,319.5494,345.9277,1.277937,-1.011421,0.03676718,-1.815336,-2.182447,-1.552196,0.3305706,0.1203078,0.6571183,14.35056,20.10427,14.11039,
7293.206,0.01928975,0.01333557,0.02782213,0.01553562,-0.139331,0.02730271,0.1765907,0.4848758,0.2389441,6.516628,352.8475,356.0691,-1.128294,1.455087,-0.2344444,0.1516678,2.509037,3.346259,-0.1295587,0.3734351,0.604735,352.1233,317.0849,345.6372,1.358811,-1.091201,-0.02882177,-2.035604,-2.362117,-1.345929,0.349926,0.1045053,0.6556944,16.13283,22.58466,15.57905,
7307.091,0.01440644,0.01567837,0.03376996,0.03559681,-0.09836368,0.04901906,0.1766613,0.485272,0.2397015,6.392254,352.8397,355.9836,-1.145198,1.545951,-0.2997103,0.2147371,2.684156,3.260506,-0.1444254,0.3952908,0.6003905,349.6882,314.6717,345.3605,1.471237,-1.186135,-0.1463011,-2.16902,-2.626015,-1.041908,0.3720827,0.08695844,0.6515825,18.19777,25.21838,16.69221,
7321.073,0.01059679,0.02039998,0.04067988,0.07227049,-0.07801583,0.0717977,0.1767578,0.4857917,0.2405471,6.239913,352.8517,355.9222,-1.135306,1.629273,-0.3697365,0.115474,2.866109,3.292206,-0.158698,0.4178676,0.5949351,346.952,312.3336,344.731,1.55788,-1.232374,-0.2540086,-2.242314,-2.885598,-1.093782,0.3938107,0.07005815,0.6467058,19.7834,28.40792,18.37738,
7334.816,0.007518979,0.02635915,0.04978933,0.1286216,-0.0663771,0.09948664,0.1767944,0.4862766,0.2415729,5.99957,352.8684,355.842,-1.106172,1.705291,-0.4483038,-0.04845881,3.114675,3.373121,-0.1722301,0.4412031,0.5883057,343.9134,309.9331,343.8668,1.62324,-1.259274,-0.3608662,-2.332838,-3.122561,-1.172805,0.4154747,0.05334158,0.6404438,21.3277,31.92879,20.30307,
7348.888,0.005378233,0.03102094,0.05764626,0.174389,-0.06271636,0.1152653,0.1768406,0.4868082,0.242615,5.7625,352.8807,355.7859,-1.069272,1.768798,-0.5370681,-0.06536448,3.349226,3.448079,-0.1854807,0.4647968,0.5804806,340.6939,307.3603,343.4034,1.676581,-1.280339,-0.4941709,-2.406549,-3.336202,-1.168391,0.4378453,0.03645404,0.631835,22.97873,35.57822,22.21216,
7362.903,0.002878234,0.03440699,0.06573355,0.2158582,-0.06245173,0.1368704,0.1767711,0.4872642,0.2437154,5.499722,352.8992,355.6943,-1.028839,1.814136,-0.6334881,0.03136149,3.646323,3.50249,-0.1982384,0.4882236,0.5715715,337.3827,304.3301,343.3871,1.700947,-1.28365,-0.6471695,-2.402946,-3.391243,-1.109104,0.4599293,0.01983338,0.6206723,24.50894,38.98839,24.04868,
7376.565,-2.282672E-05,0.03560706,0.07197589,0.230317,-0.06933941,0.1499812,0.1766375,0.4877191,0.2448454,5.278848,352.9359,355.6041,-0.9775025,1.83229,-0.7263889,0.08581626,3.973361,3.430757,-0.2099111,0.5112016,0.5618198,334.2255,301.0533,343.3491,1.695833,-1.272843,-0.7605066,-2.3988,-3.275397,-1.078534,0.4813257,0.003437884,0.6090466,25.74357,42.13568,26.04724,
7390.724,-0.003728883,0.03655167,0.07709536,0.2173639,-0.0741588,0.1577537,0.1764841,0.4883078,0.2460081,5.120655,352.9625,355.5032,-0.9121963,1.822791,-0.8063511,0.08041883,4.192912,3.222425,-0.2206592,0.5335487,0.5511881,331.3196,297.9658,343.1221,1.681231,-1.257638,-0.8877009,-2.4902,-3.06786,-1.084899,0.5026435,-0.01308844,0.5951173,26.70571,45.20115,28.48097,
7404.728,-0.007332481,0.03823042,0.08105283,0.2154221,-0.07071731,0.1500742,0.176228,0.4889621,0.2472602,4.914646,352.9817,355.4516,-0.8426979,1.789236,-0.8770543,0.1289391,4.262964,2.915043,-0.2305248,0.555257,0.5396174,328.8332,294.9983,342.9494,1.668942,-1.238378,-1.020732,-2.761952,-2.923552,-1.191611,0.5237054,-0.02943896,0.5792894,27.33912,48.71298,31.71682,
7418.52,-0.01140474,0.04189179,0.0857776,0.2521523,-0.05314348,0.1236544,0.1759594,0.4897152,0.2486408,4.61885,352.9712,355.4869,-0.7754505,1.740688,-0.9474862,0.2875717,4.13368,2.67456,-0.2396925,0.5762488,0.5269125,326.7026,291.9686,343.3662,1.654866,-1.220385,-1.168398,-2.987683,-3.089262,-1.211042,0.5444079,-0.04485313,0.5617501,28.29984,52.85343,35.14186,
7432.599,-0.01539538,0.04649255,0.09197445,0.3340102,-0.04018456,0.09715021,0.1756336,0.4905126,0.250189,4.192044,352.9582,355.5642,-0.7133884,1.677788,-1.020682,0.5221173,3.873598,2.513015,-0.2480561,0.5962476,0.5133131,325.0096,288.7103,344.4659,1.622719,-1.187312,-1.312873,-2.779843,-3.367206,-1.171999,0.5645025,-0.05898163,0.5425363,29.60226,56.95874,37.50168,
7446.508,-0.01909643,0.05198687,0.09839691,0.4247851,-0.03308245,0.07999732,0.1752199,0.4913844,0.2518248,3.679486,352.952,355.6382,-0.6429621,1.610283,-1.089866,0.6917567,3.73021,2.450212,-0.2552404,0.6152378,0.4992958,323.3216,285.1631,345.8495,1.558985,-1.135692,-1.457704,-2.376176,-3.550267,-1.141184,0.5834358,-0.07249622,0.5210128,31.00877,60.71466,39.05394,
7460.455,-0.02384582,0.05810256,0.1057527,0.5239843,-0.02885684,0.07173301,0.174736,0.4923026,0.2534785,3.110492,352.9318,355.732,-0.5535753,1.542828,-1.13951,0.6731167,3.82198,2.35511,-0.2610773,0.6330072,0.4854062,321.2444,281.6496,346.8433,1.487164,-1.078831,-1.569509,-2.325808,-3.531321,-1.122429,0.6009176,-0.085307,0.4993549,31.98897,64.53304,41.39719,
7474.246,-0.02730054,0.06104541,0.1112368,0.5886387,-0.008755881,0.03878338,0.1742661,0.4931077,0.2551631,2.586811,352.8767,355.9276,-0.4512341,1.475432,-1.162787,0.5606098,4.12824,2.127017,-0.2660656,0.6496159,0.471777,318.6942,278.3594,347.0848,1.405178,-1.008753,-1.663617,-2.49761,-3.303161,-1.031147,0.6168572,-0.09717081,0.4765785,32.34313,68.15314,44.42976,
7488.445,-0.03079138,0.06038516,0.1163362,0.6174812,0.02120388,-0.0259483,0.1738205,0.4937442,0.2568543,2.14167,352.7939,356.1941,-0.3648185,1.411725,-1.166894,0.5492904,4.417162,1.863022,-0.2706878,0.6654004,0.4583556,316.0596,275.1175,347.04,1.319954,-0.9273354,-1.747882,-2.799539,-3.052009,-0.9057038,0.631548,-0.1080593,0.4527793,32.10633,71.7363,48.02711,
7502.376,-0.03391457,0.05546646,0.1198086,0.602125,0.04886642,-0.073007,0.1732996,0.4941919,0.2585694,1.771656,352.7017,356.422,-0.2858468,1.333954,-1.16051,0.6720059,4.630162,1.591443,-0.2749471,0.6800296,0.4449635,313.5179,271.9437,346.7244,1.228116,-0.8470969,-1.828167,-3.051156,-2.974841,-0.7857349,0.644758,-0.1180767,0.4281966,31.71565,75.47721,51.86999,
7516.158,-0.03685378,0.04756123,0.1216116,0.5495573,0.07941389,-0.1010503,0.1726957,0.4945241,0.2602662,1.498152,352.5881,356.6117,-0.2296548,1.2503,-1.155549,0.919401,4.673063,1.455039,-0.2789752,0.6936038,0.431326,311.3677,268.4356,346.7727,1.121064,-0.7783332,-1.897395,-3.032779,-3.04995,-0.6592756,0.6564293,-0.1271627,0.4029846,31.72111,79.13091,55.48737,
7530.268,-0.03944761,0.03775798,0.1225644,0.4726855,0.1109866,-0.1341303,0.1721306,0.49473,0.261951,1.330103,352.4349,356.8442,-0.1877514,1.162641,-1.149942,1.171051,4.618938,1.399171,-0.2828023,0.7059268,0.4178057,309.4425,264.7592,347.0471,1.002056,-0.7126915,-1.952566,-2.840108,-3.135736,-0.5798591,0.6665732,-0.1352201,0.3773462,31.99346,82.60685,58.80825,
7544.322,-0.04095117,0.02723467,0.1228066,0.3737503,0.1416052,-0.1414157,0.171539,0.4948899,0.2636486,1.250303,352.2855,356.9758,-0.1598664,1.072245,-1.13561,1.43776,4.480958,1.341812,-0.286498,0.7171353,0.4044729,307.7872,261.2608,347.1128,0.879652,-0.6450585,-1.993379,-2.634532,-3.206591,-0.5468014,0.6751056,-0.1422017,0.3514523,32.30219,86.00256,62.05422,
7558.037,-0.04105449,0.02077656,0.1230552,0.2880282,0.1582972,-0.1238385,0.1710125,0.4951472,0.265411,1.18635,352.1345,357.0557,-0.1505253,0.9785912,-1.118503,1.691918,4.178411,1.343166,-0.2902446,0.7273832,0.3912605,306.6646,257.9176,347.1537,0.7574839,-0.5743235,-2.019975,-2.4382,-3.250363,-0.582631,0.682168,-0.1481289,0.3257665,32.58723,89.39469,65.20866,
7572.127,-0.04004971,0.01681845,0.1249342,0.2289382,0.1641157,-0.1115626,0.1705568,0.4954201,0.2672688,1.09931,351.9947,357.1628,-0.1520665,0.8848596,-1.0966,1.874393,3.7747,1.333201,-0.2939107,0.7364168,0.3781444,305.9252,255.0551,346.9573,0.6224521,-0.4957435,-2.031127,-2.216178,-3.256768,-0.6636905,0.6873502,-0.1528891,0.3000204,32.91723,92.69795,68.17491,
7586.175,-0.03778085,0.01555242,0.1271528,0.2088178,0.1760582,-0.1150305,0.170117,0.4956249,0.2691604,0.9819,351.8314,357.3167,-0.1629021,0.7907145,-1.070415,2.047093,3.328003,1.309542,-0.2976809,0.744398,0.3653197,305.5477,252.748,346.2997,0.5101699,-0.4218518,-2.026403,-2.083566,-3.178003,-0.8144472,0.6917533,-0.1568379,0.2749407,33.00563,96.00706,70.92953,
7600.033,-0.03416863,0.01448251,0.130082,0.1984241,0.2035808,-0.1370659,0.1697672,0.4957981,0.2710611,0.899159,351.6184,357.5154,-0.182245,0.6987597,-1.041374,2.202759,2.857794,1.279837,-0.3015054,0.7513866,0.3526578,305.4991,251.0178,345.1836,0.4002186,-0.3500514,-2.009345,-2.019257,-3.117952,-0.9282722,0.6945332,-0.1600821,0.2503307,32.94314,99.3272,73.73786,
7613.833,-0.03053489,0.01220017,0.1320934,0.1812161,0.2352755,-0.1534851,0.1694338,0.4958269,0.2729238,0.846408,351.3812,357.6891,-0.2107126,0.6092876,-1.021188,2.245833,2.309856,1.325874,-0.3055549,0.7575868,0.3397527,305.945,249.5451,344.1884,0.2956946,-0.281912,-1.975656,-1.999225,-3.060169,-0.960003,0.6962628,-0.1625713,0.2267071,32.70104,102.513,76.63075,
7627.89,-0.02754485,0.008953543,0.1326751,0.1422795,0.2604344,-0.146012,0.1692023,0.4957598,0.2747149,0.8549986,351.1284,357.786,-0.235799,0.5212075,-1.022541,2.155009,1.806056,1.525061,-0.3095055,0.7627357,0.3264996,306.7907,247.6771,343.8845,0.1990821,-0.2210253,-1.921131,-1.916934,-2.959171,-0.9483911,0.6972419,-0.1650048,0.204384,32.42328,105.377,79.35719,
7641.96,-0.02340344,0.003628155,0.1318675,0.0788083,0.2843585,-0.1269529,0.1690221,0.49566,0.2764775,0.9413553,350.8714,357.825,-0.2490402,0.4419644,-1.026478,1.992969,1.437869,1.743464,-0.3131951,0.7673256,0.3136442,307.7458,245.6082,343.9245,0.1105656,-0.1707088,-1.846414,-1.728091,-2.784323,-0.9509112,0.6979752,-0.1673855,0.183123,32.32349,107.8555,81.68211,
7655.668,-0.01919631,-0.0005663347,0.1297538,0.01227095,0.2961283,-0.1177036,0.1689005,0.4955288,0.2781771,1.082981,350.6345,357.8802,-0.2482237,0.3834897,-1.027681,1.771992,1.252454,1.941506,-0.3166515,0.771503,0.301053,308.5946,243.2752,344.2891,0.03622848,-0.1239768,-1.762221,-1.618365,-2.627046,-0.9349248,0.6979142,-0.1692937,0.162987,32.06467,110.2056,83.92306,
7669.823,-0.01460912,-0.005574427,0.1264259,-0.05956256,0.299011,-0.1023009,0.1687786,0.4952723,0.2798224,1.262272,350.4065,357.878,-0.231707,0.3235335,-1.022517,1.419039,1.241119,2.107159,-0.3198538,0.7744363,0.2889077,309.1949,240.4394,345.3525,-0.01815969,-0.08150634,-1.683768,-1.616883,-2.569543,-0.8735659,0.6968315,-0.1698172,0.1442965,31.51548,112.5473,86.40063,
7683.796,-0.01105091,-0.01159883,0.1226585,-0.1243354,0.2908508,-0.07503974,0.1686962,0.4948929,0.281413,1.473088,350.2001,357.8174,-0.214294,0.2529351,-0.9936316,1.117489,1.247639,2.226042,-0.3229872,0.7761573,0.2780555,309.8152,237.5818,346.4531,-0.06984043,-0.0248225,-1.558585,-1.624529,-2.438376,-0.7522922,0.694918,-0.1693045,0.1284627,30.69284,114.4842,88.60838,
7697.446,-0.006298441,-0.01799561,0.1179422,-0.2000744,0.2774863,-0.0580887,0.1687483,0.4945659,0.2829459,1.765402,350.0208,357.7535,-0.2164909,0.1823942,-0.9445201,0.9214674,0.9439344,2.246607,-0.3260549,0.7773803,0.2681283,310.9929,235.7249,346.9693,-0.1051449,0.0141559,-1.429419,-1.538495,-2.162665,-0.7917543,0.6932188,-0.1688519,0.1141302,30.13252,116.2964,90.15583,
7711.606,-0.001432862,-0.02197225,0.1138875,-0.2506604,0.257717,-0.06580944,0.1689228,0.4942399,0.2844304,2.047406,349.8613,357.7522,-0.2264174,0.1241354,-0.8809432,0.7922059,0.4928954,2.105504,-0.328942,0.7786255,0.2589781,312.3886,234.9751,346.937,-0.1361203,0.03753879,-1.264578,-1.383069,-1.734091,-0.9579576,0.6913232,-0.1685051,0.1024845,29.90691,117.9918,90.94849,
7725.566,0.00415777,-0.02341408,0.108767,-0.2790567,0.229039,-0.07056893,0.1691166,0.4939924,0.2857697,2.306818,349.7417,357.7295,-0.2259154,0.06793565,-0.7856328,0.605812,0.04163295,1.835679,-0.3312503,0.7791821,0.2512133,313.7099,234.8886,346.9037,-0.1529273,0.03799286,-1.102697,-1.162199,-1.367188,-1.043832,0.6901379,-0.1688798,0.09265204,29.93842,119.409,91.52622,
7739.515,0.007215355,-0.02341645,0.1036076,-0.2916021,0.1933024,-0.04001533,0.1691913,0.4936827,0.2870387,2.52543,349.6662,357.5892,-0.2063243,0.03563668,-0.7040967,0.4687749,-0.02061826,1.694382,-0.3332194,0.7795325,0.2446119,314.6572,234.1274,347.1367,-0.1485385,0.02557979,-0.9219664,-0.8861296,-1.132729,-0.8740071,0.6903023,-0.1709443,0.08543482,29.95782,120.158,92.12424,
7753.125,0.007661559,-0.02259499,0.09608764,-0.3155942,0.1366719,0.03131101,0.1692193,0.4934398,0.2880532,2.745774,349.6529,357.3191,-0.184754,0.01876938,-0.6422985,0.4007598,0.06357402,1.626825,-0.3349803,0.7798399,0.2388719,315.4369,233.0625,347.3766,-0.1287469,-0.001609031,-0.7256936,-0.5145365,-1.000275,-0.6081196,0.6911409,-0.1734725,0.08084203,30.19069,120.3645,92.78276,
7767.227,0.00653754,-0.02097439,0.08690834,-0.3269272,0.07521708,0.1025195,0.1691534,0.4932872,0.2889581,2.92144,349.6998,357.0337,-0.1567504,0.00142251,-0.5407051,0.319107,0.08018306,1.477328,-0.336105,0.7798883,0.2357479,316.0744,232.2861,347.5755,-0.1043103,-0.02371113,-0.5208648,-0.1957605,-0.8975217,-0.3641775,0.689248,-0.172928,0.07990085,30.47325,120.3636,93.41563,
7781.171,0.005208734,-0.01837719,0.07441933,-0.3102622,0.01195283,0.1175522,0.1692357,0.4930344,0.2895644,3.075417,349.7777,356.9112,-0.1343332,-0.009353619,-0.4177376,0.1552184,-0.1516277,1.203136,-0.3366955,0.7801679,0.2342754,316.7878,232.3611,347.764,-0.07925227,-0.03138461,-0.3749642,-0.07446951,-0.777065,-0.2310154,0.687939,-0.172071,0.07995027,30.59152,120.4577,93.89171,
7794.933,0.005706092,-0.0184803,0.05960586,-0.2914338,-0.01302276,0.05567891,0.1693765,0.4926227,0.2898413,3.314291,349.8164,356.9511,-0.1073591,-0.00962933,-0.2812769,-0.116847,-0.44997,0.756755,-0.3368938,0.7805126,0.2341654,317.1866,233.1522,348.1246,-0.02933972,-0.02943176,-0.1374139,0.00772512,-0.3807148,-0.08003227,0.6872369,-0.1705232,0.08589833,30.61275,119.9866,93.39735,
7809.026,0.005799865,-0.02273151,0.04151858,-0.3010435,-0.03222576,-3.943914E-05,0.1694768,0.4920003,0.2897858,3.603622,349.8824,356.9206,-0.06783307,-0.0008114055,-0.1368324,-0.4337834,-0.4897357,0.2980855,-0.3371347,0.7806946,0.2355972,316.9774,233.7472,348.8403,0.02831905,-0.02863564,0.1120853,0.1107256,0.1031533,0.09959882,0.6882924,-0.1703103,0.09455176,30.64156,119.0031,92.28674,
7823.092,0.004965364,-0.02896697,0.02170317,-0.3484407,-0.06155885,-0.01333561,0.169461,0.4914804,0.2894738,3.957184,349.9959,356.7745,-0.04039019,0.002310918,-0.04253802,-0.5355695,-0.3039216,0.1141328,-0.3375216,0.7804578,0.237687,316.7005,233.6311,349.513,0.06337079,-0.03210991,0.3050361,0.2600012,0.4669826,0.2552739,0.6892475,-0.1704384,0.1040311,30.79709,117.7711,91.08872,
7836.703,0.00486009,-0.03254038,0.001710916,-0.3832979,-0.08527906,-0.03010342,0.1694968,0.4911157,0.2889592,4.295635,350.1273,356.7162,-0.02137767,-0.008828991,0.06467016,-0.5126643,-0.1412556,-0.01842913,-0.337703,0.7794099,0.2418924,316.3617,233.5112,349.9359,0.09420198,-0.04751867,0.5619493,0.5888082,0.8477571,0.5105328,0.690612,-0.171364,0.1178887,31.25457,115.6775,89.47017,
7850.886,0.004617972,-0.0318735,-0.01647022,-0.3615132,-0.1014171,-0.05111822,0.1695212,0.490878,0.2883084,4.503589,350.236,356.7082,-0.01779713,-0.03415719,0.1783516,-0.4059217,-0.1529104,-0.1640624,-0.3379106,0.7777535,0.2475635,316.1278,233.9326,349.8635,0.1020325,-0.06384908,0.7778573,0.9378496,1.06541,0.7629722,0.691722,-0.1722552,0.1331168,31.90943,113.3426,87.99532,
7865.035,0.003556216,-0.0270401,-0.03180708,-0.2881361,-0.09775861,-0.05821295,0.169498,0.4907842,0.2875432,4.580126,350.2997,356.7253,-0.02206717,-0.07007084,0.297496,-0.3089336,-0.3099009,-0.3420945,-0.3381588,0.7755103,0.2546468,315.9982,234.9464,349.4401,0.09814772,-0.07086004,0.9824963,1.240577,1.282019,1.097365,0.6923015,-0.1728984,0.1501996,32.54329,110.4456,86.33392,
7878.503,0.001172993,-0.01921273,-0.04389454,-0.1809936,-0.08164223,-0.03391436,0.1694205,0.4908144,0.2866939,4.502821,350.3186,356.7116,-0.02881861,-0.1104406,0.4214148,-0.2528793,-0.5574477,-0.607572,-0.3383704,0.7726634,0.263082,315.8475,236.6531,348.684,0.083666,-0.06803571,1.163276,1.400893,1.454495,1.419451,0.6924032,-0.1733775,0.1688672,33.00815,107.3477,84.65823,
7892.609,-0.0006232206,-0.01061182,-0.05356118,-0.06148855,-0.05457507,-0.00435643,0.1693932,0.4908897,0.2857378,4.338634,350.3026,356.722,-0.03034464,-0.1554326,0.5402206,-0.262519,-0.7765551,-0.9051586,-0.3383005,0.768929,0.2724678,315.6039,238.7604,347.7802,0.05840835,-0.05214594,1.316674,1.410968,1.613546,1.626947,0.6918033,-0.173295,0.1890486,33.25098,104.3147,82.94377,
7906.531,-0.001180293,-0.004305272,-0.06385014,0.03288388,-0.02571524,-0.00896487,0.169441,0.4908045,0.2845627,4.213311,350.2761,356.8146,-0.02986485,-0.2032473,0.6473337,-0.2186671,-1.001733,-1.144199,-0.3380386,0.764514,0.2831158,315.4868,241.1544,346.5994,0.02490985,-0.03161278,1.437022,1.420768,1.793702,1.701948,0.6906696,-0.1728567,0.2101824,33.48362,101.2696,81.01553,
7920.49,-0.001410034,-0.002559293,-0.07301992,0.05935974,-0.01103834,-0.01598565,0.169411,0.4907391,0.2832453,4.185988,350.2742,356.8551,-0.03021097,-0.2554681,0.7376668,-0.2600307,-1.276281,-1.262493,-0.3374835,0.759811,0.2941045,315.7071,243.6952,345.5401,-0.03252834,0.005134196,1.591233,1.489853,2.119249,1.756589,0.6879995,-0.171471,0.234225,33.6624,97.71719,78.51565,
7934.262,-0.001324851,-0.002788433,-0.0836443,0.04922853,0.005948137,-0.01620097,0.1694106,0.4906592,0.2817665,4.193069,350.2404,356.8574,-0.01669753,-0.3069449,0.8082888,-0.5518463,-1.496177,-1.314684,-0.3365369,0.753847,0.3057338,315.8232,246.0397,345.2102,-0.09918189,0.04381829,1.714513,1.597664,2.416551,1.76185,0.6843646,-0.1696528,0.2585817,33.84153,93.98181,75.77238,
7948.376,-0.001292992,-0.003910835,-0.09179765,0.03649317,0.0213979,-0.01306578,0.1693908,0.4905208,0.2802674,4.187476,350.1995,356.8633,-0.009084493,-0.3687411,0.8675177,-0.8665836,-1.888784,-1.261292,-0.3356223,0.7470896,0.3176753,316.3377,248.64,345.1892,-0.176466,0.08409902,1.81631,1.69914,2.621651,1.727768,0.6797358,-0.1673571,0.2836503,33.99836,90.24226,72.98129,
7962.356,-0.001481257,-0.005973923,-0.09900605,0.02519557,0.03075588,-0.006833199,0.1694284,0.4904049,0.2787634,4.190882,350.1589,356.8556,-0.001773715,-0.4377561,0.9224741,-1.028447,-2.295558,-1.155111,-0.3343986,0.7394512,0.3303599,317.1711,251.3812,345.1383,-0.2552201,0.1265631,1.898411,1.733134,2.734675,1.674481,0.6747677,-0.1649939,0.3098266,34.02468,86.66454,70.32001,
7976.037,-0.0002939515,-0.007375602,-0.104827,0.002818845,0.03869047,-0.01793988,0.1695338,0.4902976,0.2771807,4.247535,350.123,356.8894,0.01441103,-0.5036701,0.9800661,-1.080271,-2.601159,-1.140232,-0.332597,0.7312089,0.3437667,318.0164,254.3501,344.8321,-0.345401,0.1902622,1.974369,1.70629,2.851984,1.554912,0.6687046,-0.1616271,0.3373785,33.80199,83.22928,67.64495,
7990.108,0.002744291,-0.007734584,-0.1095611,-0.02448689,0.04706661,-0.05293389,0.1697143,0.4902973,0.2755746,4.356529,350.0975,356.9832,0.04663783,-0.5615808,1.037061,-1.132339,-2.791917,-1.218579,-0.3299859,0.7223244,0.3576265,318.7207,257.5204,344.3372,-0.4342038,0.2652678,2.031605,1.809339,3.028365,1.310723,0.6612518,-0.1566495,0.364911,33.50278,79.71683,64.49896,
8003.955,0.005970355,-0.007432228,-0.1132425,-0.03312915,0.04046246,-0.07245347,0.1698897,0.4902471,0.2739463,4.406069,350.1002,357.045,0.08220431,-0.6099676,1.080021,-1.239806,-3.025893,-1.248886,-0.3271391,0.7130514,0.3713666,319.5067,260.8519,344.0012,-0.5355082,0.3548282,2.079423,2.016682,3.195191,1.064601,0.6513889,-0.1494824,0.3921739,33.1583,76.02228,60.98475,
8017.686,0.008857481,-0.006909027,-0.1156695,-0.03449424,0.02823696,-0.07024945,0.1700169,0.4901542,0.2723292,4.441145,350.1161,357.0728,0.1250559,-0.6690169,1.117252,-1.365737,-3.490407,-1.143144,-0.3234521,0.70302,0.3850987,320.7283,264.4612,344.1065,-0.6447624,0.447626,2.116384,2.356098,3.275609,0.8631679,0.6401253,-0.1409311,0.4195356,32.92402,72.14901,57.15678,
8031.764,0.01140415,-0.007406287,-0.1181613,-0.03481128,0.02661186,-0.07299101,0.1702647,0.4899608,0.2705972,4.488028,350.0869,357.1287,0.1721409,-0.7277281,1.133018,-1.506288,-4.130906,-0.7840744,-0.3191436,0.6923124,0.3980854,322.3064,268.0753,345.099,-0.755197,0.5494863,2.136053,2.700236,3.306924,0.6875579,0.6275885,-0.1307809,0.4467717,32.60423,68.20094,53.1353,
8045.78,0.01326467,-0.01005826,-0.1204916,-0.04144961,0.03211716,-0.06548061,0.1704887,0.4896316,0.2688888,4.552055,350.0541,357.1477,0.2151022,-0.782477,1.127144,-1.491102,-4.680684,-0.2694468,-0.3147069,0.6809642,0.4105679,324.0237,271.4055,346.7155,-0.8621405,0.6596274,2.133351,3.001114,3.303691,0.5171866,0.6137058,-0.1190978,0.473322,32.07998,64.29065,49.02877,
8059.464,0.01465605,-0.01280815,-0.1229277,-0.07143714,0.02906439,-0.05705823,0.1707513,0.4894346,0.2670767,4.679482,350.0459,357.1343,0.2478364,-0.8242638,1.110832,-1.237353,-4.846161,0.1324002,-0.3100728,0.6694594,0.4230828,325.6579,274.1768,348.2554,-0.9660287,0.7734923,2.110528,3.201886,3.276519,0.4259798,0.59856,-0.1059259,0.4991599,31.35263,60.43801,45.08026,
8073.622,0.01693503,-0.01497189,-0.125213,-0.0977129,0.02338013,-0.05339032,0.1710446,0.4892454,0.2653125,4.811126,350.052,357.1306,0.286355,-0.8730662,1.084648,-0.8552793,-4.696729,0.3509399,-0.3043813,0.6567497,0.435836,327.1954,276.4002,349.5348,-1.065752,0.8898227,2.068458,3.257833,3.269652,0.4075003,0.5821759,-0.09127602,0.5240325,30.36662,56.69163,41.48207,
8087.477,0.01981061,-0.01625467,-0.1269263,-0.1127797,0.02399519,-0.07443318,0.1714214,0.4889614,0.2635049,4.945791,350.048,357.2038,0.3218355,-0.9094968,1.076034,-0.5924059,-4.609818,0.3115416,-0.2985578,0.6440814,0.4483238,328.6775,279.0409,350.3638,-1.159839,1.007619,2.011092,3.239962,3.316801,0.4143339,0.5647834,-0.07515697,0.5477361,29.11004,53.00157,38.15742,
8101.48,0.02304245,-0.01841332,-0.1284235,-0.1180561,0.03740286,-0.08012298,0.1717899,0.4885485,0.2616964,5.048202,349.9971,357.2321,0.3621705,-0.9519586,1.071257,-0.3580712,-4.721229,0.2222396,-0.2924183,0.6309172,0.4602523,330.3786,282.114,351.1786,-1.238566,1.108677,1.950006,3.247632,3.398994,0.4341628,0.5468956,-0.05835905,0.5702462,27.63766,49.26035,34.92273,
8115.055,0.02550223,-0.02032239,-0.1302704,-0.1294711,0.05860746,-0.06354479,0.1721664,0.4882929,0.259769,5.188146,349.9101,357.2047,0.396253,-0.9873952,1.040401,-0.0403595,-4.764873,0.4314092,-0.2861934,0.6172518,0.4712026,332.0185,284.637,352.7616,-1.342826,1.246779,1.837806,3.345784,3.491458,0.4704258,0.5270846,-0.03863172,0.5903056,25.99957,45.4094,31.61463,
8129.124,0.02796503,-0.02105167,-0.1321017,-0.1401009,0.07800011,-0.02823772,0.1726305,0.4880447,0.2579136,5.291171,349.8102,357.1098,0.4205788,-1.022929,0.9920393,0.3627928,-4.540115,0.7065963,-0.2796604,0.6025369,0.4819992,333.4851,286.3529,354.6877,-1.398905,1.335487,1.740434,3.439691,3.494383,0.4111074,0.5081832,-0.01967268,0.6091681,24.17101,41.90211,28.44198,
8143.163,0.02951663,-0.02007248,-0.1326033,-0.1308436,0.06796329,0.01696315,0.1730628,0.4878713,0.2561063,5.336884,349.7822,357.0055,0.441317,-1.064584,0.9536006,0.7230156,-4.156297,0.7160459,-0.2727796,0.5873179,0.4932629,334.9584,287.7631,356.1936,-1.44998,1.428223,1.591465,3.551853,3.289408,0.3706549,0.4883297,0.0009901971,0.6253784,22.47823,38.83832,25.3512,
8156.749,0.0315687,-0.01756925,-0.1320332,-0.1098797,0.05638352,0.03035772,0.1735363,0.4877249,0.2543535,5.358192,349.7489,356.9626,0.4688461,-1.115884,0.9373809,1.012566,-3.846863,0.4273403,-0.2649715,0.5714298,0.504719,336.7076,289.3229,357.1421,-1.478199,1.493896,1.469233,3.683091,3.129366,0.3258165,0.4688564,0.02157499,0.6404641,20.60528,35.91212,22.29453,
8170.859,0.03341979,-0.01478364,-0.1302155,-0.07163714,0.04842602,0.01771003,0.1740391,0.4875378,0.2526307,5.359942,349.7284,357.0066,0.5141067,-1.171792,0.9411055,1.203074,-3.867089,-0.02293369,-0.2565203,0.5553614,0.5157818,338.8563,291.6586,357.764,-1.502802,1.559259,1.321459,3.78973,3.025943,0.2757758,0.4487857,0.04274625,0.6529311,18.51799,33.10743,19.38128,
8184.849,0.03482287,-0.01213162,-0.128056,-0.0553748,0.04534234,0.01331364,0.1745557,0.4874683,0.2509409,5.388853,349.6955,356.9881,0.5740935,-1.223291,0.9426315,1.338531,-4.040184,-0.4034693,-0.2474308,0.5387353,0.5260992,341.127,294.4647,358.4854,-1.518277,1.596156,1.170042,3.772114,2.901826,0.3043751,0.428883,0.06359506,0.6635569,16.55454,30.48178,16.78755,
8198.385,0.03556103,-0.009818203,-0.123956,-0.03242422,0.03229007,0.01794891,0.1750598,0.4874185,0.2494151,5.363632,349.6826,356.9644,0.6342033,-1.262748,0.92252,1.548928,-4.042907,-0.6337545,-0.2375796,0.5221016,0.5360259,343.3535,296.933,359.5057,-1.520549,1.605035,1.017506,3.629779,2.732961,0.3686343,0.4092736,0.08410273,0.6721909,14.80848,28.13907,14.55533,
8212.468,0.03556517,-0.008082366,-0.1189607,-0.005849119,0.01317764,0.04406067,0.1755095,0.4873458,0.2480096,5.281023,349.7009,356.8828,0.6930833,-1.286963,0.8913823,1.724593,-3.885822,-0.782594,-0.2267581,0.5051462,0.5455389,345.409,299.0722,0.6360016,-1.510873,1.58556,0.8663278,3.418497,2.506971,0.5288296,0.3902367,0.1038437,0.6789295,13.44482,25.99642,12.49065,
8226.375,0.03388629,-0.005796354,-0.1116195,0.01493802,-0.02998718,0.09131087,0.1758406,0.4873334,0.2467244,5.175781,349.7824,356.7303,0.757381,-1.299678,0.8578246,1.655258,-3.637123,-0.9469632,-0.2149173,0.4882378,0.5547312,347.1753,301.1281,1.365082,-1.48716,1.539116,0.723247,3.144579,2.186211,0.8209512,0.3719136,0.1229299,0.6842438,12.66716,24.08067,10.44604,
8240.265,0.03164055,-0.003708971,-0.1035649,0.02654127,-0.07236909,0.1173472,0.1762325,0.4873948,0.2455339,5.110205,349.8778,356.6222,0.8263104,-1.30094,0.8177315,1.346228,-3.340173,-1.095501,-0.2020671,0.4714092,0.5630962,348.5962,303.099,1.568471,-1.442459,1.47974,0.5730571,2.89062,1.847334,1.095955,0.3546828,0.1414186,0.6875764,12.13007,22.38659,8.386587,
8253.956,0.03004507,-0.002069295,-0.09486553,0.03062455,-0.09469475,0.1042558,0.1765785,0.4873659,0.2444899,5.058968,349.976,356.5959,0.8861992,-1.304074,0.7809005,1.123395,-3.260628,-1.252939,-0.189269,0.4548103,0.5706986,350.1404,305.3848,1.773064,-1.389667,1.426969,0.4523876,2.756165,1.552356,1.285755,0.338223,0.1589786,0.6899523,11.45385,20.86122,6.220007,
8268.015,0.02799753,-0.002569575,-0.08609903,0.02843035,-0.1046333,0.07571736,0.1768823,0.4872075,0.2435449,5.041654,350.0641,356.5924,0.9426419,-1.307675,0.7271835,1.180794,-3.319475,-1.358161,-0.1763323,0.438143,0.5769689,351.8662,307.8581,2.524226,-1.33493,1.368368,0.3424472,2.625405,1.328824,1.478669,0.3223725,0.1755798,0.6910722,10.86823,19.36593,4.026793,
8281.971,0.02555478,-0.006055804,-0.07756601,0.008613524,-0.1054518,0.04517614,0.1771531,0.4869339,0.2427095,5.082843,350.1409,356.587,0.9726719,-1.306097,0.6600012,1.4885,-3.225843,-1.367498,-0.1637522,0.4212777,0.5825165,353.5285,309.9467,3.961196,-1.288353,1.305395,0.2421184,2.516652,1.246322,1.734656,0.3071899,0.1913321,0.6910842,10.35969,17.60999,1.701815,
8295.59,0.02192794,-0.01157385,-0.06932405,-0.03088991,-0.1110995,0.02803028,0.1773314,0.4865807,0.2419881,5.170678,350.2416,356.5362,0.9816841,-1.294396,0.592711,1.442482,-2.726745,-1.379659,-0.1502071,0.4046733,0.5880905,354.8727,311.0984,4.784449,-1.246092,1.246911,0.1496525,2.521133,1.256133,1.998492,0.2928129,0.2061635,0.6900406,9.675196,15.61207,359.1375,
8309.712,0.01773268,-0.01687013,-0.06104934,-0.08617494,-0.1229553,0.01978672,0.1774555,0.4863104,0.2413967,5.334098,350.3649,356.463,1.000605,-1.284192,0.5469979,0.8761668,-2.303425,-1.471108,-0.1356387,0.3882923,0.5933401,356.0858,312.1785,4.30081,-1.197799,1.187427,0.0663785,2.52921,1.273218,2.142466,0.2793871,0.2196932,0.6882855,8.805994,13.651,356.6736,
8323.673,0.01363543,-0.02062024,-0.05287061,-0.1412964,-0.12922,0.007119264,0.1774797,0.485943,0.2409282,5.512302,350.4776,356.3961,1.058232,-1.276906,0.5076873,-0.0836896,-2.288778,-1.691264,-0.1196937,0.3725878,0.5976617,357.551,314.1009,2.480985,-1.140174,1.120582,-0.006035775,2.436585,1.245907,2.014318,0.26653,0.2319266,0.6858752,7.797646,12.06435,354.8311,
8337.308,0.01080157,-0.02499753,-0.04423427,-0.1837211,-0.1125751,-0.0240408,0.177566,0.4853933,0.2405441,5.737049,350.5424,356.4101,1.114942,-1.269988,0.4631187,-0.331548,-2.720513,-2.001366,-0.1052482,0.3575776,0.6000962,359.6462,317.0953,1.86319,-1.083688,1.035689,-0.06781766,2.167231,1.260046,1.678244,0.254272,0.2425227,0.6831316,6.925822,10.70483,353.8344,
8351.312,0.008625213,-0.03020216,-0.03619647,-0.2287676,-0.0803399,-0.05418469,0.1776712,0.4847921,0.2402166,6.021336,350.5582,356.4148,1.129125,-1.243745,0.3924772,0.1912586,-2.856012,-2.246837,-0.09210126,0.3438467,0.6015354,1.790645,319.6772,3.037867,-1.035004,0.9509435,-0.1120429,1.838247,1.26063,1.28224,0.2425816,0.2520517,0.6802716,6.224954,9.55438,353.415,
8365.237,0.00590046,-0.03719608,-0.02825072,-0.2710914,-0.05541943,-0.04688449,0.1777006,0.4839734,0.2400864,6.282217,350.5764,356.3054,1.101263,-1.143777,0.2918499,1.199334,-2.517435,-2.004585,-0.07889334,0.3313409,0.6015416,2.698368,321.3188,5.778246,-0.9712614,0.8276789,-0.1605168,1.385671,1.248726,0.7895119,0.2316318,0.2595512,0.6765045,5.867691,8.666899,353.7535,
8378.968,0.002109149,-0.04236734,-0.02144539,-0.3313025,-0.0517498,0.008642727,0.1776265,0.4833808,0.2399564,6.594924,350.6049,356.0448,1.081224,-1.06309,0.235893,1.327723,-2.200507,-1.643894,-0.06513388,0.3189801,0.6028371,3.11708,322.6889,7.082597,-0.9196388,0.7250431,-0.1948431,1.145171,1.244752,0.4972888,0.2212028,0.2661289,0.6727071,5.405594,7.6813,353.877,
8393.107,-0.002012568,-0.04502729,-0.014568,-0.3769567,-0.06144958,0.0531055,0.1774896,0.4827828,0.2400152,6.894239,350.6568,355.8218,1.076912,-0.9967015,0.2057872,0.5841637,-2.158992,-1.275637,-0.05113205,0.3073595,0.604479,3.555642,324.2236,6.273299,-0.8728598,0.6283717,-0.2198067,1.006668,1.238959,0.2688968,0.211242,0.2714066,0.6688495,4.869581,6.700337,354.0443,
8407.053,-0.005286017,-0.04625529,-0.007043408,-0.3870502,-0.07029431,0.06478155,0.17737,0.4821977,0.2401578,7.163055,350.7162,355.6777,1.078789,-0.9582968,0.1946318,-0.4564598,-2.364345,-1.190943,-0.03798569,0.2970598,0.6063416,4.806525,326.2175,4.244779,-0.8178958,0.5195599,-0.2391802,0.844018,1.188305,-0.04051809,0.202114,0.2750758,0.6647766,4.384394,5.919107,354.5928,
8420.947,-0.007719551,-0.04455267,-0.0001662464,-0.3881043,-0.08018452,0.04938849,0.1772248,0.4817123,0.2403336,7.444892,350.8103,355.5851,1.053939,-0.9104522,0.1801875,-0.8055379,-2.583284,-1.282094,-0.02737671,0.2877725,0.6072742,6.264946,328.6098,3.296849,-0.7792406,0.4426954,-0.2497075,0.7576053,1.209668,-0.2871813,0.1934313,0.2785796,0.6609705,3.860102,4.994686,355.2402,
8434.674,-0.01046162,-0.04186109,0.00664407,-0.3664732,-0.1085808,0.04403106,0.1769417,0.481216,0.2405982,7.640468,350.9604,355.4559,0.973542,-0.8305995,0.1440948,-0.4680206,-2.367951,-1.315448,-0.01873971,0.2796541,0.6073428,7.156827,330.2756,3.802462,-0.7300631,0.3688221,-0.2568354,0.7821258,1.231526,-0.5750794,0.1857432,0.2810384,0.6569632,3.071918,4.053172,356.1672,
8448.773,-0.01328706,-0.03883147,0.01114524,-0.3392937,-0.138778,0.03731581,0.1766503,0.4808446,0.2408299,7.836711,351.115,355.3586,0.8465766,-0.7337911,0.09727612,-0.0488309,-1.709707,-1.174952,-0.01158286,0.2723654,0.6070234,7.462161,330.6893,4.708322,-0.674055,0.3016915,-0.2575383,0.8186761,1.229253,-0.6912386,0.1790841,0.2826808,0.6532401,2.294384,3.108155,356.8876,
8462.738,-0.01673401,-0.03349875,0.01523591,-0.2964323,-0.1666308,0.02169992,0.1763144,0.4805948,0.2411478,7.959079,351.2957,355.304,0.7177149,-0.6481586,0.0688712,-0.01110037,-1.126043,-0.950007,-0.005147003,0.2659795,0.6076013,7.739624,330.6081,4.964156,-0.6094589,0.2393231,-0.2503472,0.8398007,1.172859,-0.6863682,0.1735726,0.2834856,0.6500016,1.571483,2.262142,357.38,
8476.445,-0.01969837,-0.02817632,0.01774122,-0.2466104,-0.1883447,0.008780928,0.1759794,0.4804042,0.2414594,8.032373,351.4781,355.2707,0.6119968,-0.5685314,0.06320575,-0.4058713,-0.8372726,-0.6772047,0.000761738,0.2612838,0.6086318,8.250029,330.5185,4.090873,-0.5370054,0.1768102,-0.2355354,0.7678283,1.039896,-0.7021072,0.1689562,0.2835938,0.6471156,1.051583,1.68881,357.9417,
8490.432,-0.02307737,-0.02149275,0.01941239,-0.1816533,-0.2052405,-0.02833406,0.1755608,0.4802311,0.2417338,8.08856,351.6898,355.3353,0.5333651,-0.4826764,0.06999603,-0.6222323,-0.942349,-0.4972146,0.005158937,0.2579771,0.6095179,8.730804,331.2382,3.234054,-0.4588333,0.1112062,-0.2142722,0.5529161,0.887825,-0.698091,0.1654994,0.2832699,0.6448085,0.9679079,1.292981,358.5147,
8504.377,-0.02544124,-0.01659454,0.01923081,-0.1472841,-0.2010075,-0.07588851,0.1751732,0.4801026,0.2419482,8.189213,351.8613,355.4439,0.4451695,-0.3836426,0.06655173,-0.4699394,-0.942947,-0.3658388,0.007740879,0.2556771,0.6098816,8.830996,331.9751,3.057554,-0.3685012,0.04279789,-0.1824643,0.2248928,0.7673926,-0.487085,0.16341,0.2826539,0.6431651,1.395606,0.9328016,358.593,
8518.123,-0.02720896,-0.01245277,0.01840603,-0.1219169,-0.1808724,-0.1067548,0.1747205,0.4800496,0.2421679,8.26105,351.994,355.5344,0.3566996,-0.3003395,0.05802323,-0.232869,-0.7638221,-0.2951612,0.009543562,0.2537997,0.6101844,8.790507,332.3374,3.276209,-0.2908453,0.006389182,-0.1510037,0.08978867,0.6304688,-0.2409439,0.1618686,0.2821229,0.6419641,1.599741,0.6566667,358.3679,
8532.191,-0.02908777,-0.007819206,0.01742169,-0.08713069,-0.1431744,-0.1117617,0.1742764,0.4801231,0.2423504,8.294027,352.047,355.5911,0.2498222,-0.2173436,0.04667461,-0.06046196,-0.4382422,-0.2509595,0.0100486,0.2529896,0.6104997,8.744158,332.1806,3.603586,-0.2215367,-0.01143576,-0.1195758,0.09073228,0.4519543,-0.2264498,0.1605682,0.2814746,0.6409061,1.524047,0.6144339,358.5016,
8546.205,-0.03055954,-0.003505134,0.01714616,-0.05531337,-0.1124816,-0.09513328,0.1738251,0.4802149,0.2425773,8.279691,352.0883,355.6217,0.1563578,-0.1507572,0.04041895,0.03311827,-0.182725,-0.2830839,0.009813664,0.2528731,0.6110265,8.878307,331.9622,3.973498,-0.1666772,-0.02027169,-0.08998995,0.1485169,0.302591,-0.4396793,0.1595092,0.2808981,0.640245,1.271453,0.6705583,359.2076,
8560.106,-0.03059152,0.0005200003,0.01678329,-0.008685309,-0.07793798,-0.06414814,0.173447,0.4802172,0.2427997,8.193545,352.1017,355.6324,0.07966628,-0.09173974,0.03746819,0.1020847,-0.03860492,-0.3029754,0.00889004,0.2533809,0.6115198,9.004528,331.8467,4.341,-0.1155821,-0.02244785,-0.06062464,0.2133625,0.1588433,-0.677256,0.1593143,0.2805174,0.6401017,0.9463345,0.8260401,0.1586529,
8573.879,-0.03021859,0.002596627,0.01570009,0.01097796,-0.0586213,-0.04013269,0.1730976,0.4802633,0.242925,8.183705,352.1127,355.6367,0.01191979,-0.03474461,0.0318502,0.176145,0.1240192,-0.2330216,0.007564649,0.2544139,0.6118344,8.916398,331.5548,4.672462,-0.05795883,-0.01810088,-0.03107125,0.293433,-0.02690505,-0.7357711,0.1600126,0.280156,0.6402826,0.5284716,1.190501,0.8372012,
8587.96,-0.02962352,0.002889389,0.01401221,0.01164342,-0.04181676,-0.02673473,0.1727066,0.4802947,0.2430598,8.183499,352.1217,355.6339,-0.04236247,0.01732366,0.0234731,0.2365184,0.2730905,-0.09083653,0.006174294,0.2557187,0.6119268,8.608124,331.1309,4.909791,0.0007785743,-0.01594182,-0.001360816,0.3087301,-0.1961426,-0.6273105,0.1613869,0.2796514,0.6409472,0.2255599,1.653273,1.127135,
8601.92,-0.0290474,0.002452701,0.01234355,0.009927477,-0.03135858,-0.01719263,0.1723624,0.4803559,0.2431604,8.184833,352.1299,355.6457,-0.07365972,0.05754269,0.01788186,0.2775217,0.305497,0.04603646,0.004996272,0.2570873,0.6120458,8.20754,330.8609,5.062321,0.05413613,-0.0203606,0.02897653,0.2381472,-0.3358493,-0.4696843,0.1631292,0.2791227,0.6420895,0.1487538,2.1745,1.204164,
8615.634,-0.02800522,0.002761621,0.01098375,0.01527351,-0.02342159,-0.0188739,0.1720258,0.4804972,0.243298,8.161099,352.1425,355.6722,-0.08559506,0.08189607,0.0167473,0.271932,0.2222997,0.1318275,0.003781157,0.258327,0.61224,7.868106,330.8442,5.105236,0.09597935,-0.02627328,0.05748525,0.1399175,-0.4164062,-0.3348761,0.1650772,0.2787185,0.643511,0.2109255,2.654773,1.226974,
8629.716,-0.02661801,0.004453092,0.01008875,0.0289402,-0.01770265,-0.01961975,0.1716816,0.4806283,0.2434373,8.109793,352.1575,355.7065,-0.09074381,0.09028663,0.01402341,0.1905235,0.1485737,0.1614119,0.002566667,0.2594928,0.6123189,7.70769,330.8331,5.015513,0.128504,-0.03387914,0.08004263,0.007183977,-0.4530135,-0.1602692,0.1672907,0.2782696,0.6449299,0.4561257,3.082125,1.056802,
8643.72,-0.02590147,0.006159639,0.01000322,0.05287806,-0.02190946,-0.007061407,0.171284,0.4807502,0.2435896,8.013868,352.1772,355.6953,-0.09091029,0.09330967,0.01079997,0.113631,0.06633774,0.2010608,0.001430368,0.2606678,0.6122567,7.536636,330.8747,4.84256,0.1567916,-0.04329016,0.09697511,-0.2050326,-0.4517657,0.07659032,0.1699571,0.2781538,0.646544,1.04178,3.416088,0.6269738,
8657.467,-0.02503452,0.006827362,0.009537038,0.0710851,-0.02027519,0.009983637,0.1709833,0.4808181,0.2436875,7.925611,352.169,355.6789,-0.09039296,0.09662557,0.006355848,0.09559633,0.003508691,0.2647824,0.0001436993,0.261796,0.6120895,7.240107,330.9485,4.686834,0.1772717,-0.03531101,0.102797,-0.2741833,-0.495804,0.1768878,0.1723384,0.2785644,0.6478508,1.425295,3.872741,0.33612,
8671.561,-0.02447727,0.006620597,0.008521278,0.06901977,-0.02279033,0.02836194,0.1706364,0.4808638,0.2437658,7.877172,352.1827,355.6377,-0.09409952,0.09526174,-0.003753949,0.1373751,-0.02643538,0.3301528,-0.001335761,0.2624303,0.6114876,6.816297,331.0176,4.632295,0.184377,-0.003318241,0.1057637,-0.2062298,-0.5108797,0.08860344,0.1744198,0.2799502,0.6492652,1.479242,4.308511,0.4051104,
8685.573,-0.0239929,0.00569218,0.006869134,0.05701625,-0.02891116,0.04357332,0.1702761,0.4809184,0.2437966,7.837174,352.2072,355.5778,-0.0997266,0.08363859,-0.01214959,0.1470905,-0.08934567,0.3532347,-0.003145536,0.2627844,0.6110205,6.47604,331.1818,4.547954,0.1791975,0.04971756,0.1075239,-0.05125322,-0.4689184,-0.1602707,0.1762562,0.2823297,0.6506191,1.187102,4.641399,0.9158556,
8699.263,-0.02340854,0.004673193,0.005152366,0.04128944,-0.03941166,0.05282302,0.1699919,0.4809865,0.2438026,7.821258,352.2404,355.5175,-0.1150764,0.06707753,-0.02020288,0.1429531,-0.07855487,0.3786083,-0.005483264,0.2626354,0.610491,6.124759,331.2156,4.446182,0.1716151,0.1086328,0.1096197,0.09328757,-0.3837661,-0.4507403,0.178462,0.2856325,0.6521609,0.7356989,4.823049,1.732031,
8713.387,-0.02240612,0.004324817,0.003559565,0.02215733,-0.05399462,0.05514204,0.1697117,0.4810734,0.2438146,7.821709,352.2996,355.4656,-0.1492715,0.02850266,-0.03438161,0.1081,0.01203419,0.3373456,-0.008556677,0.2613999,0.6096262,5.930914,331.0317,4.387562,0.1838638,0.2119572,0.111705,0.3289702,-0.4002053,-0.8779962,0.1815691,0.2915986,0.653686,359.8414,5.200212,3.074577,
8727.338,-0.02157273,0.004208437,0.002512421,0.01423132,-0.06960559,0.06093476,0.1694285,0.4811224,0.2438524,7.785222,352.3586,355.4033,-0.1768963,-0.01134575,-0.04408069,0.08785427,0.04024778,0.2412398,-0.01186236,0.2597823,0.6087345,5.887191,330.9535,4.415449,0.2186054,0.3292155,0.1109448,0.5936514,-0.5054659,-1.155029,0.1856717,0.2992346,0.6550461,358.6894,5.793832,4.307851,
8741.223,-0.02161319,0.00467842,0.001824312,0.01004666,-0.0784162,0.06172907,0.169055,0.4812695,0.2438841,7.770931,352.4185,355.3416,-0.2135907,-0.06651219,-0.05964803,0.06028843,0.06745633,0.1184157,-0.01595322,0.2570784,0.6072903,5.993016,330.8665,4.493691,0.2703302,0.4658404,0.1035187,0.8985862,-0.5898483,-1.177055,0.1908372,0.3089957,0.6561232,357.2928,6.42742,5.052933,
8754.962,-0.02228871,0.006027787,0.001655657,0.008949432,-0.07441713,0.06021714,0.1687444,0.4814337,0.2439376,7.746091,352.4421,355.3028,-0.2611127,-0.1389527,-0.08180951,0.06175841,0.0882246,-0.03258121,-0.02100386,0.253039,0.6054063,6.206784,330.8059,4.6984,0.3285911,0.6152009,0.09364533,1.221493,-0.6043128,-1.049288,0.1970013,0.3206777,0.6572759,355.6669,6.971009,5.337093,
8769.019,-0.02306024,0.008591363,0.002657574,0.01924638,-0.05888703,0.05401574,0.1684121,0.4816966,0.2440345,7.69414,352.4502,355.289,-0.2958083,-0.1886433,-0.09735461,0.08666861,0.1260731,-0.1229841,-0.02615891,0.2488654,0.603632,6.365243,330.6974,4.951878,0.3848863,0.7466882,0.08473763,1.456984,-0.6638902,-1.010047,0.2037567,0.3336481,0.6585132,353.9771,7.634353,5.705015,
8783.087,-0.02367983,0.01130679,0.005131681,0.05479725,-0.0355993,0.04303102,0.1680956,0.4818784,0.2442192,7.571023,352.4267,355.3061,-0.3499839,-0.2661642,-0.1198424,0.1169371,0.2276022,-0.2554942,-0.03260247,0.2427225,0.6014171,6.669466,330.4271,5.365887,0.4701702,0.9287973,0.07003647,1.816536,-0.876601,-1.164291,0.2122421,0.3501822,0.6595506,351.6949,8.706026,6.385244,
8796.624,-0.0236674,0.0133507,0.008242991,0.08091089,-0.004365676,0.03112967,0.1677978,0.4820854,0.2444667,7.473428,352.3695,355.3382,-0.4067549,-0.3534584,-0.1405723,0.110271,0.33029,-0.3775934,-0.03985582,0.23511,0.5990473,7.07948,330.0726,5.770623,0.5610634,1.117783,0.04584801,2.226287,-1.220699,-1.488119,0.2216266,0.3688283,0.6601,348.9101,10.16331,7.480609,
8810.79,-0.02329808,0.01572283,0.0118838,0.09825339,0.03162615,0.01766319,0.167538,0.4823885,0.2447546,7.391625,352.2843,355.3806,-0.4688499,-0.4522784,-0.1633178,0.01095952,0.4825286,-0.4665039,-0.0479569,0.2259251,0.5964705,7.629787,329.4608,5.992146,0.6278332,1.255677,0.01567024,2.536295,-1.472019,-1.682412,0.2313017,0.3875651,0.6601615,346.0264,11.63883,8.435572,
8824.814,-0.02250507,0.01756839,0.01618003,0.1176174,0.06145325,0.008836688,0.167281,0.4826345,0.2451478,7.272954,352.1949,355.4406,-0.5337434,-0.5604331,-0.1877225,-0.1615823,0.6700338,-0.5206493,-0.0567288,0.2151038,0.5936562,8.29485,328.5664,5.987604,0.7064456,1.395938,-0.0253078,2.771654,-1.671026,-1.691776,0.2424818,0.4084476,0.6595731,343.1516,13.29088,8.996975,
8838.503,-0.02165815,0.01893135,0.02096913,0.1281478,0.07828535,0.01558867,0.1669819,0.4829865,0.2456114,7.166512,352.1113,355.4334,-0.5971022,-0.6825257,-0.2131244,-0.4421648,0.8171005,-0.5840934,-0.06631696,0.202316,0.5905826,9.214213,327.5275,5.631315,0.7829801,1.520363,-0.0738073,2.960801,-1.80713,-1.597781,0.2546595,0.430787,0.6584212,340.3285,15.06947,9.177462,
8852.588,-0.02118797,0.02126404,0.02684823,0.1332769,0.08193627,0.02403428,0.1667459,0.4834271,0.2461922,7.054986,352.0309,355.4495,-0.6633757,-0.8130821,-0.242778,-0.8367484,1.00156,-0.6506177,-0.07671656,0.1879834,0.5873321,10.4067,326.1397,4.806569,0.8564034,1.634237,-0.1332595,3.196328,-1.988009,-1.520302,0.2673562,0.4540974,0.6563202,337.2925,17.21702,9.111297,
8866.544,-0.02012819,0.02313447,0.03338699,0.1560785,0.08507943,0.02073023,0.1665092,0.4837611,0.2469072,6.890365,351.9592,355.5039,-0.7298653,-0.9523447,-0.2778926,-1.219816,1.225466,-0.8555238,-0.08787103,0.1719187,0.5835714,12.07826,324.4778,3.846235,0.9157819,1.731271,-0.1981407,3.376121,-2.145057,-1.527734,0.2806545,0.4783346,0.6534363,334.156,19.42788,9.056799,
8880.445,-0.01902679,0.02534441,0.04154487,0.1664138,0.08464052,0.01135358,0.1662832,0.4841559,0.2477052,6.766274,351.897,355.5572,-0.7892046,-1.091833,-0.3190433,-1.503231,1.389356,-1.142249,-0.09983201,0.1543387,0.5790941,14.11207,322.8485,2.890401,0.9716012,1.807124,-0.2665402,3.531755,-2.409328,-1.545834,0.2946011,0.5028956,0.6499709,330.9568,22.06919,8.963939,
8894.161,-0.01782487,0.02621398,0.04946338,0.1740707,0.09060665,0.003965558,0.1660551,0.4845183,0.2486174,6.645023,351.8087,355.6196,-0.8486407,-1.219275,-0.3762303,-1.732308,1.592979,-1.40447,-0.1128021,0.1356907,0.5735199,16.34198,321.0146,1.821518,1.022039,1.854607,-0.3329095,3.606839,-2.710382,-1.473343,0.3086172,0.5274836,0.6456662,328.0066,25.20106,8.685829,
8908.224,-0.01618845,0.02690483,0.05747469,0.1710474,0.1074782,-0.01820661,0.165885,0.4848712,0.2496368,6.542579,351.6994,355.7217,-0.915177,-1.328238,-0.4585621,-1.879183,1.974681,-1.583073,-0.1264812,0.1161749,0.5663496,18.60461,318.5869,0.7412902,1.053459,1.877828,-0.3931291,3.508084,-2.868213,-1.393849,0.3228272,0.5520303,0.6406595,325.4083,28.12809,8.468211,
8922.268,-0.01471273,0.02695986,0.06564117,0.1693643,0.1205058,-0.03175782,0.1657245,0.4852106,0.2507988,6.442988,351.5996,355.8185,-0.9779257,-1.415102,-0.5608103,-1.970888,2.405852,-1.651909,-0.1406113,0.09601127,0.5576128,20.77209,315.6838,359.5892,1.070488,1.865539,-0.4268606,3.220181,-2.856088,-1.201084,0.33721,0.5758486,0.6357502,323.4832,30.732,8.267107,
8935.937,-0.01346594,0.02739393,0.07379798,0.1588229,0.1277525,-0.04164039,0.1655604,0.4856695,0.2520577,6.37394,351.5026,355.9035,-1.025935,-1.484621,-0.6753955,-2.051821,2.773647,-1.681842,-0.1547897,0.0752782,0.5471976,22.91557,312.5262,358.2529,1.088297,1.834006,-0.4526593,2.922698,-2.765464,-0.894231,0.3517032,0.5992244,0.6304609,322.1609,33.37976,7.869019,
8950.041,-0.0120735,0.02773024,0.08177148,0.1646204,0.1367669,-0.05601469,0.1654229,0.4860913,0.2534867,6.253654,351.3923,356.023,-1.050407,-1.53249,-0.7799394,-2.150439,3.007239,-1.704391,-0.1687318,0.05451811,0.5359566,25.03256,309.2657,356.5821,1.104298,1.800201,-0.4963565,2.830972,-2.782001,-0.6652929,0.3663026,0.6221265,0.6240548,320.7859,36.48234,7.250285,
8963.954,-0.01157478,0.02931795,0.091515,0.1787361,0.1407504,-0.07100678,0.1652422,0.4865163,0.255035,6.115166,351.2925,356.1688,-1.063717,-1.582117,-0.9194463,-2.344231,3.205149,-1.787833,-0.1827818,0.03285228,0.5220971,27.25226,305.6534,354.2765,1.115401,1.768757,-0.5648656,2.95126,-2.96177,-0.5710662,0.3807946,0.6445035,0.6165089,319.0915,40.26901,6.41235,
8977.525,-0.01176633,0.03113914,0.1005482,0.1929444,0.1401496,-0.08113628,0.1650534,0.4869819,0.2566756,5.977117,351.1956,356.3125,-1.060593,-1.597114,-1.043185,-2.609891,3.276528,-1.798653,-0.1963249,0.0118488,0.5073419,29.06744,301.7764,351.2845,1.119778,1.739583,-0.6670237,3.299326,-3.23517,-0.6167575,0.3950831,0.6662999,0.6073354,316.9846,45.07587,4.941385,
8991.663,-0.01168329,0.03307806,0.1091932,0.200717,0.1414472,-0.08380792,0.1649042,0.4874904,0.2584499,5.849109,351.0967,356.4367,-1.047941,-1.584605,-1.164022,-2.891619,3.293124,-1.730751,-0.2093008,-0.008737378,0.4911249,30.28831,297.5966,347.7696,1.108745,1.693976,-0.7735473,3.539942,-3.358727,-0.6999953,0.4088699,0.68679,0.5971037,314.986,50.12578,3.017239,
9005.702,-0.01179266,0.03416053,0.1177654,0.2111805,0.1365526,-0.07657218,0.164692,0.4879456,0.2603437,5.683714,351.011,356.5361,-1.023166,-1.566718,-1.269136,-2.991245,3.373267,-1.718989,-0.2217168,-0.02906498,0.473741,31.45293,293.337,344.2466,1.081452,1.639395,-0.8466551,3.524307,-3.273352,-0.7256972,0.4219654,0.7067102,0.5866047,313.4789,54.68718,1.106661,
9019.496,-0.01171589,0.03493195,0.1258761,0.2145778,0.1338526,-0.07467821,0.1645258,0.4884287,0.2622643,5.551309,350.9179,356.6558,-0.9746093,-1.547606,-1.398707,-2.944655,3.599104,-1.819767,-0.2332068,-0.04888457,0.4539991,32.97967,288.8398,340.554,1.022387,1.556815,-0.9332462,3.389394,-3.152773,-0.8070649,0.4338732,0.7249031,0.574212,312.009,58.90872,359.2168,
9033.762,-0.01181862,0.03586809,0.1322587,0.2143504,0.1321862,-0.07161419,0.1643482,0.4889762,0.2642984,5.410211,350.825,356.7708,-0.9021088,-1.52188,-1.524043,-2.669403,3.926397,-1.828766,-0.243615,-0.06779473,0.4330808,34.90596,284.2819,337.2242,0.950892,1.473675,-0.9953212,3.199995,-3.200858,-0.8184324,0.4449902,0.7416403,0.5619202,310.4695,62.97889,357.8033,
9047.694,-0.01225129,0.03760438,0.1397864,0.2240296,0.1265448,-0.05533708,0.1641275,0.4896104,0.2664487,5.229127,350.7348,356.8422,-0.8248247,-1.486757,-1.613592,-2.321171,4.158227,-1.654976,-0.2531244,-0.08586271,0.4118581,36.83355,279.8861,334.3765,0.8673173,1.372033,-1.068934,3.188122,-3.535155,-0.6566746,0.4549658,0.7572662,0.5481548,308.9553,67.57372,356.9812,
9061.632,-0.01295673,0.03956289,0.1468246,0.2457473,0.1167641,-0.03311751,0.1638855,0.4901727,0.2687094,4.999033,350.6594,356.9135,-0.7202304,-1.425418,-1.701339,-1.92311,4.219543,-1.353112,-0.2610555,-0.1027,0.3887343,38.74931,275.9776,332.1532,0.7862494,1.289789,-1.147369,3.348415,-3.851685,-0.6602936,0.4640671,0.7723293,0.5336109,307.2841,73.04477,355.501,
9075.407,-0.01455604,0.03968215,0.1531029,0.2569509,0.09829669,-0.007039317,0.1635893,0.4906175,0.2709582,4.789078,350.6058,356.946,-0.6365753,-1.349566,-1.763228,-1.82764,4.074525,-1.149912,-0.2682197,-0.1185633,0.36544,39.85863,271.9814,329.4247,0.6945599,1.212821,-1.222402,3.443254,-4.049627,-0.7722638,0.4720085,0.7861303,0.5183029,305.5277,78.82552,353.5312,
9089.597,-0.01615639,0.03729146,0.1576161,0.2467082,0.08996414,-0.00425217,0.1632701,0.4909815,0.2732295,4.646931,350.5463,357.022,-0.5699919,-1.26928,-1.819374,-1.941476,3.931141,-1.108786,-0.2745679,-0.1334267,0.3418111,40.3061,267.5564,325.9453,0.6088618,1.130419,-1.278972,3.355421,-3.971224,-0.917128,0.4795626,0.7988393,0.5024147,304.0198,84.33482,351.1187,
9103.718,-0.01809592,0.03281948,0.1606744,0.218824,0.09345786,-0.03136704,0.1629545,0.4912474,0.2754913,4.57244,350.4707,357.1601,-0.4963773,-1.173499,-1.885401,-2.144814,3.817746,-1.1428,-0.2795656,-0.1472737,0.3170201,40.09262,262.8712,322.0695,0.5465777,1.040364,-1.317884,3.193519,-3.621138,-1.030033,0.4865985,0.8104243,0.486191,303.1981,89.52312,348.377,
9117.384,-0.01932151,0.02847813,0.1622892,0.1875214,0.1079273,-0.06026439,0.1626707,0.4914932,0.2777698,4.521895,350.3677,357.2896,-0.4032363,-1.072338,-1.949865,-2.291954,3.833501,-1.257279,-0.2827881,-0.1600443,0.2915819,39.59043,257.9771,317.7832,0.5015341,0.9479576,-1.334464,2.946649,-3.105661,-1.10637,0.4929618,0.8210171,0.4700067,303.0086,94.01447,345.7069,
9131.456,-0.02051617,0.02390775,0.1631242,0.1492146,0.1173161,-0.074457,0.1623705,0.4916879,0.280005,4.507315,350.2788,357.3819,-0.3195418,-1.009868,-1.98091,-2.171496,4.023903,-1.263867,-0.2857852,-0.1728159,0.2669277,39.5789,253.0774,313.3658,0.4600161,0.869574,-1.331024,2.656078,-2.717087,-1.1536,0.4986119,0.8306278,0.4544212,302.8754,98.09038,343.1699,
9145.448,-0.02091542,0.01792627,0.1625917,0.1004253,0.1195213,-0.07784746,0.1621024,0.4917295,0.2821749,4.541772,350.1961,357.4382,-0.1979158,-0.9313291,-2.008423,-1.978393,4.183832,-1.046993,-0.2864939,-0.1833901,0.2414206,39.84118,248.2318,309.2131,0.4082949,0.7709973,-1.297796,2.308905,-2.313935,-1.052101,0.5035645,0.8385593,0.4394125,302.8139,101.0363,341.4594,
9159.165,-0.02030613,0.01098969,0.1600375,0.04147822,0.1183383,-0.08935377,0.1618536,0.4916243,0.2842469,4.646712,350.1195,357.5132,-0.08744121,-0.8584832,-2.013076,-1.82609,4.190614,-0.6269441,-0.2863491,-0.1932085,0.2161776,40.22805,243.6885,305.7949,0.3815902,0.6872857,-1.250641,2.098548,-1.88603,-0.9229112,0.5084965,0.8460665,0.425047,303.1327,103.4499,340.3103,
9173.36,-0.01936683,0.001620201,0.1551208,-0.02433649,0.1149539,-0.1110606,0.1615759,0.4912555,0.286207,4.816464,350.0621,357.5973,0.007384479,-0.7735673,-2.016541,-1.945981,4.285624,-0.3569342,-0.285388,-0.201581,0.1915089,40.02605,238.5556,302.0082,0.3570212,0.6089528,-1.210074,1.960958,-1.588223,-0.9082967,0.5128854,0.852707,0.4107759,303.589,105.9899,338.9741,
9187.363,-0.01964779,-0.008167404,0.147904,-0.1150871,0.1081855,-0.1155327,0.161243,0.490924,0.2879611,5.101212,350.0015,357.5971,0.1272596,-0.637436,-1.994256,-2.173005,4.390264,-0.2091048,-0.2821158,-0.2072724,0.1685915,39.19208,233.1909,298.0557,0.3226157,0.5203935,-1.171788,1.798923,-1.43872,-1.051767,0.5166896,0.8575587,0.3974338,304.0642,109.0257,336.9127,
9201.331,-0.02059752,-0.01543691,0.1385855,-0.2067345,0.1036771,-0.1109516,0.1608965,0.4906636,0.2895509,5.422842,349.9445,357.5682,0.2096524,-0.5283769,-1.930966,-2.245722,4.247233,-0.07731068,-0.2788694,-0.2122014,0.1473838,38.27611,228.6515,294.7904,0.3011527,0.4443523,-1.119644,1.625877,-1.304464,-1.152172,0.521257,0.8628461,0.3857383,304.6139,111.7984,334.9628,
9215.119,-0.02060375,-0.02110882,0.1292193,-0.2550875,0.0971365,-0.1281,0.1607012,0.4902673,0.2910622,5.714984,349.8977,357.6248,0.2812182,-0.4166299,-1.808016,-2.115434,3.827807,0.10207,-0.2748709,-0.2154011,0.1285777,37.72398,225.2325,292.4759,0.2896862,0.3819475,-1.053159,1.543541,-1.147208,-1.169795,0.5255581,0.8674229,0.3752932,305.3302,114.1468,333.5205,
9229.159,-0.01855733,-0.0233937,0.1188,-0.2926521,0.0908716,-0.1524532,0.1605092,0.4900515,0.2924578,6.044776,349.8771,357.6917,0.3347622,-0.3112679,-1.637382,-1.843392,3.232543,0.300663,-0.2705266,-0.2174138,0.111894,37.61993,222.7789,290.9428,0.2781531,0.3054394,-0.9352138,1.44563,-0.900656,-1.034101,0.529431,0.8706372,0.3670627,306.0233,115.5176,332.989,
9243.171,-0.01586498,-0.02260825,0.1106997,-0.2910005,0.08039553,-0.1632102,0.1603262,0.48989,0.293821,6.277107,349.8646,357.7517,0.3543043,-0.2362393,-1.507419,-1.664824,2.886984,0.2896501,-0.266683,-0.2193147,0.09621464,37.08166,220.3763,289.2,0.2686497,0.2536649,-0.8332937,1.398178,-0.7055444,-0.8769959,0.532605,0.873198,0.3595923,306.6707,116.6069,332.837,
9256.882,-0.01324926,-0.01896868,0.1033262,-0.2395103,0.06265002,-0.159028,0.1602196,0.4897402,0.2951438,6.364179,349.8572,357.8356,0.3577982,-0.1541505,-1.359536,-1.459827,2.644004,0.1212377,-0.2627418,-0.2201423,0.08316584,36.16103,218.429,287.4858,0.2500271,0.2059334,-0.7075252,1.362836,-0.5486878,-0.6020907,0.5353162,0.8750481,0.3539114,307.0348,117.1509,333.3488,
9270.92,-0.01147149,-0.0150139,0.09732448,-0.1824827,0.05189855,-0.1368473,0.1600394,0.4896609,0.2963321,6.433842,349.8483,357.871,0.3499637,-0.09719419,-1.227143,-1.262132,2.474442,0.02352797,-0.2592161,-0.2208421,0.07174303,35.26008,216.6502,285.7876,0.2197345,0.1616603,-0.5761711,1.414978,-0.4947752,-0.3278769,0.5373142,0.8764127,0.3497415,307.2139,117.7386,334.1367,
9285.016,-0.01057112,-0.01160912,0.08938278,-0.1404586,0.04237717,-0.09584825,0.1598633,0.489515,0.297313,6.494329,349.8282,357.8468,0.3254435,-0.04935862,-1.061426,-1.007456,2.230262,-0.01229524,-0.2564582,-0.2209296,0.06327698,34.60854,215.3832,284.3842,0.1980637,0.1353514,-0.4837086,1.284621,-0.4022172,-0.1878311,0.539319,0.8776725,0.3458923,307.3762,118.108,334.6389,
9298.703,-0.009194603,-0.01163981,0.08017112,-0.1305853,0.04181708,-0.07657104,0.1598376,0.4892273,0.2980998,6.615532,349.7941,357.8598,0.2869438,-0.02117698,-0.8849049,-0.8037561,1.857389,0.09412625,-0.2545854,-0.2207872,0.05706609,34.45202,214.4008,283.4815,0.1788023,0.1035957,-0.3882543,1.010545,-0.2277145,-0.1686674,0.5410732,0.8783571,0.343055,307.6508,118.0968,334.8774,
9312.775,-0.006617574,-0.01337027,0.06890249,-0.1436426,0.04956058,-0.06707419,0.1598419,0.4889869,0.2986684,6.784141,349.7485,357.8526,0.2321963,-0.001774361,-0.7084977,-0.6983946,1.354058,0.1979483,-0.253711,-0.220275,0.05257009,34.58459,213.807,283.3269,0.1633342,0.06606963,-0.2912474,0.6222228,0.02675547,-0.3149234,0.5424215,0.8785474,0.3417778,308.2138,117.8505,334.6214,
9326.705,-0.004168877,-0.01558332,0.0566659,-0.1640197,0.05389042,-0.04844241,0.1598121,0.4886759,0.2990741,6.942893,349.6979,357.8011,0.1647843,0.01677174,-0.5390438,-0.6016492,0.9107782,0.160988,-0.2535011,-0.2196973,0.05024909,34.56544,213.6257,283.5266,0.1469542,0.03777891,-0.2016295,0.2813563,0.2369651,-0.4272143,0.5434626,0.8786668,0.3416027,308.757,117.4386,334.3068,
9340.595,-0.002342757,-0.01701851,0.04386951,-0.184301,0.06283744,-0.02267895,0.1597642,0.4884636,0.2992625,7.106237,349.6243,357.7148,0.09294106,0.02832446,-0.3744061,-0.3889418,0.5937374,0.06772069,-0.2541459,-0.2191865,0.04994661,34.52366,213.8197,283.6561,0.1225199,0.01148899,-0.09993158,0.01412949,0.3484924,-0.3931636,0.5442478,0.8783255,0.3431111,309.0061,116.8568,334.1876,
9354.409,-0.0009880792,-0.01790569,0.03098944,-0.1913357,0.07638446,-0.003230513,0.1597724,0.4881632,0.2993146,7.244041,349.5267,357.648,0.02282325,0.03559702,-0.2157919,-0.1309182,0.3726314,-0.02637277,-0.2556001,-0.2185742,0.05155084,34.51728,214.2495,283.6848,0.09438019,-0.01069074,0.01586696,-0.1456864,0.3488658,-0.1967408,0.5448984,0.8776618,0.3465068,308.8599,116.186,334.4293,
9368.486,0.000115911,-0.01888031,0.01692539,-0.1963882,0.0936657,0.006271458,0.1597839,0.4878998,0.2991595,7.40193,349.4115,357.5861,-0.04583405,0.04059242,-0.06266388,0.0792307,0.1298836,-0.1119119,-0.2576841,-0.2181797,0.05478532,34.5757,214.9529,283.9407,0.0718127,-0.03425965,0.1420431,-0.1298345,0.3172645,0.1000449,0.5453289,0.8761658,0.3518513,308.5447,115.3977,335.2596,
9382.56,0.001442689,-0.01894132,0.00461047,-0.2020138,0.1143273,0.003435418,0.159788,0.4876601,0.2993844,7.570339,349.2822,357.5533,-0.1097388,0.04478162,0.08306785,0.1722849,-0.1426959,-0.1502915,-0.2604246,-0.2176212,0.05961118,34.71911,215.7618,284.5323,0.05689941,-0.06256409,0.2709366,0.00598903,0.3199121,0.4175356,0.5454729,0.87426,0.3587983,308.2511,114.3699,336.7037,
9396.079,0.002263912,-0.01729505,-0.008613864,-0.1918798,0.1265205,0.01109103,0.1598334,0.4874763,0.2988936,7.68114,349.1607,357.4901,-0.1691649,0.05152166,0.2236843,0.1994604,-0.423439,-0.1738468,-0.2637501,-0.2166613,0.06626184,34.8927,216.7129,285.4192,0.04048477,-0.09281634,0.3996089,0.007528618,0.3578829,0.7136985,0.5453543,0.8717864,0.3671273,307.8332,112.8886,338.4153,
9410.15,0.00257408,-0.01397744,-0.01917708,-0.1651761,0.1308346,0.02984605,0.1598753,0.4875559,0.2978864,7.729832,349.0417,357.4183,-0.220105,0.0599472,0.3628654,0.2397531,-0.7057149,-0.1665078,-0.267444,-0.2153871,0.07469541,35.17425,217.8802,286.5248,0.02153847,-0.1295892,0.522863,-0.1449472,0.4261879,0.9391316,0.5451264,0.8685499,0.3766893,307.3322,110.977,340.1661,
9424.245,0.003218128,-0.009401068,-0.03055092,-0.1285958,0.1295409,0.04804417,0.1599833,0.4875371,0.2971994,7.755145,348.9287,357.3554,-0.2646118,0.06896034,0.5018789,0.3333184,-1.00673,-0.1772083,-0.2713107,-0.2139032,0.08472365,35.5228,219.4488,287.8805,0.002674103,-0.1738526,0.6372425,-0.3114667,0.5111647,1.099073,0.5445411,0.8645024,0.387517,306.8874,108.7877,342.0138,
9438.019,0.004058113,-0.006561826,-0.04039544,-0.09383902,0.1198143,0.0535241,0.1600697,0.4874195,0.2964061,7.757425,348.8447,357.3174,-0.2968828,0.07892783,0.6358364,0.4784212,-1.265009,-0.1780828,-0.2751715,-0.2122862,0.09620346,35.94686,221.2905,289.301,-0.01934025,-0.2218706,0.7436351,-0.4633854,0.5648689,1.242083,0.5434134,0.8594556,0.3995769,306.4296,106.3947,344.0159,
9451.963,0.004973328,-0.00497986,-0.04885268,-0.07289042,0.1077771,0.05227806,0.1601846,0.4873631,0.2954893,7.783956,348.7716,357.2802,-0.3146613,0.08616991,0.7431473,0.622946,-1.429874,-0.1678241,-0.2789339,-0.2106143,0.1083159,36.40474,223.2066,290.6545,-0.04487124,-0.2819882,0.8573187,-0.6417323,0.6331047,1.400976,0.5418714,0.8532658,0.413116,305.9777,103.5695,346.3201,
9465.979,0.006140659,-0.003981509,-0.05743036,-0.06283683,0.09554437,0.05206051,0.1602789,0.487296,0.2944929,7.807283,348.7071,357.2312,-0.3232827,0.09564304,0.8574564,0.7921153,-1.526586,-0.1474107,-0.2827063,-0.2086472,0.1222919,36.93251,225.201,291.9008,-0.06744856,-0.3401336,0.9442225,-0.791011,0.6708214,1.481811,0.5402817,0.8464612,0.4270027,305.6032,100.743,348.5692,
9479.69,0.00698128,-0.004580118,-0.06508331,-0.05548025,0.07446688,0.05532198,0.1603616,0.4871527,0.2934116,7.828455,348.6769,357.1805,-0.3277353,0.1116531,0.962827,0.9175684,-1.628921,-0.1612272,-0.2864605,-0.2061652,0.1372972,37.39632,227.3539,293.2502,-0.08524641,-0.4068374,1.02291,-0.9671701,0.794746,1.516418,0.5385523,0.8385823,0.4416397,305.445,97.58359,350.883,
9493.5,0.007945584,-0.006942225,-0.07282301,-0.06656317,0.04750208,0.05313978,0.1605059,0.4868887,0.2922009,7.882947,348.6676,357.1052,-0.3320475,0.1445462,1.071824,0.9478823,-1.78037,-0.2395836,-0.2902729,-0.2032606,0.1537632,37.612,229.7182,294.8404,-0.1007168,-0.4813692,1.092788,-1.108382,0.9450837,1.50165,0.5365791,0.829601,0.4571048,305.5092,94.35601,353.121,
9507.543,0.009381671,-0.01033318,-0.08001864,-0.0974561,0.02738201,0.04745224,0.1606914,0.4866294,0.2908433,8.018739,348.6708,357.0286,-0.3297444,0.1729358,1.149007,0.915754,-1.923185,-0.2307751,-0.2940342,-0.2006521,0.1700846,37.82061,232.0756,296.605,-0.116596,-0.5630687,1.162271,-1.229244,1.14077,1.523073,0.5341734,0.8194762,0.4734161,305.8305,90.83958,355.5171,
9521.427,0.01093663,-0.01547473,-0.088543,-0.1429516,-0.002635919,0.02823175,0.1608588,0.4862394,0.28938,8.201073,348.7295,356.9641,-0.3179121,0.2056397,1.237211,0.8835351,-2.089655,-0.1372905,-0.2974341,-0.1975484,0.1880053,38.09468,234.5764,298.6366,-0.1393621,-0.6513132,1.231687,-1.413252,1.377436,1.556595,0.5312357,0.8080907,0.4903063,306.3501,86.93685,357.9897,
9535.203,0.01255001,-0.02079071,-0.09670727,-0.1796909,-0.02653001,0.003784619,0.1610687,0.4858032,0.2877896,8.403335,348.7881,356.9193,-0.2912382,0.2366108,1.324787,0.9105496,-2.219309,0.09780291,-0.2998257,-0.1931498,0.2071047,38.64658,237.1345,300.8648,-0.1707219,-0.7457417,1.289568,-1.611794,1.599413,1.547252,0.527804,0.7951827,0.5074451,307.0114,82.95535,0.2920581,
9549.354,0.01370272,-0.02499208,-0.1050303,-0.2106244,-0.04423749,-0.01862637,0.1612664,0.485362,0.2860916,8.608762,348.8495,356.8737,-0.2601317,0.2675008,1.398429,0.9752157,-2.324231,0.343808,-0.3017017,-0.1880242,0.2266114,39.29934,239.8484,303.2759,-0.2032363,-0.8327761,1.328568,-1.730136,1.711423,1.540253,0.5239497,0.7813283,0.5247543,307.7397,79.17422,2.481386,
9563.307,0.01393215,-0.02783233,-0.1124239,-0.22916,-0.05598626,-0.03217577,0.1613847,0.484967,0.284392,8.805928,348.9171,356.8279,-0.2194539,0.3148088,1.477758,1.064104,-2.435812,0.5368049,-0.302671,-0.1816445,0.2473004,39.90058,242.8502,305.8925,-0.2452928,-0.936523,1.3686,-1.763377,1.714606,1.618776,0.5192344,0.7654585,0.5429521,308.5658,75.49825,4.848469,
9577.001,0.0137352,-0.02857919,-0.1190717,-0.2383677,-0.06372394,-0.04143674,0.1615416,0.4846979,0.2825944,9.011154,348.9813,356.7882,-0.1700376,0.3843735,1.55827,1.165482,-2.544501,0.6301526,-0.3029384,-0.1737554,0.2691624,40.32528,246.0733,308.5372,-0.3011871,-1.079488,1.417003,-1.760678,1.745919,1.89879,0.5130663,0.7468477,0.5618118,309.8433,71.53618,7.705088,
9591.161,0.01309986,-0.02848412,-0.1240367,-0.2263315,-0.07703926,-0.04502386,0.161691,0.4842792,0.2807992,9.140515,349.0716,356.7514,-0.1332266,0.4508561,1.612419,1.176657,-2.688956,0.6799579,-0.3028786,-0.1654076,0.2905755,40.42117,249.47,311.3526,-0.3510292,-1.180417,1.442984,-1.913682,1.874453,2.10565,0.5066805,0.7286527,0.5795899,311.3765,67.29615,10.40314,
9605.081,0.01201543,-0.02680092,-0.1286125,-0.2105295,-0.09871817,-0.04122486,0.1618052,0.4839651,0.2789156,9.27601,349.1953,356.704,-0.08762747,0.5382848,1.665067,1.122144,-2.873329,0.7083908,-0.3016732,-0.1554446,0.3127598,40.15667,253.0438,314.3162,-0.4268202,-1.312704,1.446879,-2.141632,2.220147,2.215741,0.4987506,0.7078425,0.5965959,313.3562,62.90586,12.55831,
9618.843,0.01058704,-0.02457673,-0.1320906,-0.1979157,-0.1258812,-0.03476057,0.161904,0.4836687,0.2770007,9.389979,349.3436,356.6483,-0.03204608,0.6279063,1.708022,1.085149,-3.008019,0.861945,-0.2994907,-0.1443338,0.3351962,39.84913,256.6574,317.4804,-0.4905248,-1.407972,1.421201,-2.268379,2.506699,2.1205,0.4906369,0.6868632,0.6125312,315.2661,59.09472,13.88674,
9632.87,0.009038616,-0.02321759,-0.135558,-0.167182,-0.1587773,-0.0296279,0.1619717,0.4833376,0.2750554,9.451074,349.5208,356.6124,0.03466415,0.7168992,1.744731,1.162053,-3.115873,1.118798,-0.2962983,-0.1320182,0.3575114,39.61805,260.5417,320.9713,-0.5610527,-1.512453,1.371165,-2.21844,2.754006,2.016554,0.4810817,0.6640687,0.6276348,317.3,55.89106,14.5834,
9646.726,0.008254267,-0.02256196,-0.1380094,-0.1434657,-0.1705443,-0.04529876,0.1621029,0.4830428,0.2730778,9.542291,349.6722,356.6376,0.109426,0.8110384,1.768502,1.282556,-3.192917,1.306882,-0.2920529,-0.1183451,0.3796576,39.26389,264.55,324.4297,-0.6395914,-1.613733,1.317797,-2.171947,2.743522,2.135263,0.4699479,0.6402571,0.641909,319.5091,52.81172,15.653,
9660.705,0.006795019,-0.01959733,-0.1393496,-0.1185987,-0.1751508,-0.05545094,0.1621725,0.4829369,0.2712167,9.594424,349.8219,356.6444,0.1866686,0.9127413,1.777068,1.360792,-3.292998,1.422914,-0.2867894,-0.1032777,0.4014216,38.59971,268.6295,327.8004,-0.7462301,-1.704557,1.258,-2.411952,2.511533,2.266082,0.4566681,0.615616,0.6548073,321.5618,49.25844,17.44137,
9674.316,0.004668344,-0.01425862,-0.138456,-0.08087255,-0.1916656,-0.02853752,0.1621802,0.4829232,0.2694257,9.545809,349.9924,356.5692,0.265678,1.017332,1.773891,1.420736,-3.410258,1.5785,-0.2803914,-0.08701292,0.4227563,37.64763,272.7927,331.2386,-0.8755841,-1.783975,1.183009,-2.927196,2.427319,2.215866,0.4422296,0.5901091,0.6656396,323.5159,44.9363,19.38543,
9688.473,0.002736576,-0.008343051,-0.136192,-0.02468267,-0.2180247,0.01348588,0.1621795,0.4829636,0.2676455,9.421374,350.185,356.4895,0.3502966,1.118919,1.758698,1.559698,-3.511197,1.800889,-0.27293,-0.06968553,0.4431058,36.55647,277.1553,334.8681,-0.9912526,-1.849152,1.079698,-3.298974,2.623621,2.065477,0.4275874,0.5647773,0.6742688,325.6656,40.63274,20.59257,
9702.373,0.00201793,-0.003574572,-0.1334305,0.03806282,-0.2331172,0.0337283,0.1622607,0.4829957,0.265892,9.26232,350.3572,356.468,0.4399357,1.215495,1.722479,1.708289,-3.540753,2.033306,-0.2642007,-0.05146744,0.4623489,35.29711,281.4503,338.4765,-1.075086,-1.88724,0.9484778,-3.308424,2.86702,1.870246,0.4125219,0.5393562,0.6810261,327.741,37.08728,20.88187,
9716.016,0.00275711,0.0006841058,-0.1307957,0.09561459,-0.2168984,0.02231487,0.162346,0.4831023,0.2642022,9.086642,350.4958,356.5364,0.5343536,1.297513,1.668433,1.915377,-3.495031,2.194447,-0.2543509,-0.03276771,0.480457,34.01185,285.6682,341.9479,-1.142502,-1.902046,0.7866889,-3.091844,2.67948,1.524397,0.3962095,0.5129899,0.685908,329.0746,34.43805,21.2094,
9729.861,0.003637604,0.00766193,-0.1266937,0.1650621,-0.182949,0.007233752,0.1624768,0.4834929,0.2625995,8.844776,350.5765,356.6197,0.6293208,1.362107,1.600117,2.127498,-3.446305,2.207011,-0.2436219,-0.01376235,0.497289,32.68359,289.8162,345.084,-1.202373,-1.922745,0.6663699,-3.237602,2.161637,1.353747,0.3792046,0.4869455,0.6902995,330.6683,31.53751,22.66169,
9743.738,0.004159134,0.01418327,-0.1216504,0.2322413,-0.1533433,0.01590104,0.162562,0.4838519,0.2611372,8.532082,350.6419,356.6681,0.7073381,1.406344,1.528062,2.245913,-3.384692,2.138073,-0.2324664,0.005254127,0.5130471,31.25457,293.6846,347.7946,-1.264088,-1.944644,0.5605122,-3.657191,1.80323,1.328674,0.3620065,0.4620547,0.692951,332.9507,28.10284,24.4778,
9757.458,0.003722433,0.02041463,-0.1148965,0.2964251,-0.1355913,0.05730896,0.1625715,0.4842536,0.2597488,8.175096,350.6921,356.6294,0.7944454,1.453012,1.420542,2.245426,-3.387033,2.043431,-0.2200782,0.0250835,0.5268355,29.60096,297.3216,350.0537,-1.308918,-1.93787,0.4392864,-3.882218,1.98776,1.345094,0.3455399,0.4384465,0.6933054,335.4858,24.60505,25.15008,
9771.59,0.003321756,0.02398475,-0.1093101,0.3283469,-0.1242449,0.08332519,0.1626434,0.4846052,0.2583893,7.854782,350.7393,356.6154,0.8571312,1.487887,1.314123,2.112013,-3.399501,2.074935,-0.2072762,0.04449736,0.5392505,27.55117,300.5973,351.9955,-1.312517,-1.884825,0.298951,-3.619795,2.539146,1.540701,0.3302709,0.4166965,0.6916445,337.8905,21.76103,24.09044,
9785.554,0.003305562,0.02413623,-0.1037181,0.3401192,-0.1124583,0.0914869,0.1627001,0.4847694,0.2570794,7.576095,350.7954,356.634,0.9012271,1.505383,1.234973,2.07097,-3.384869,2.144952,-0.1946645,0.06327893,0.5512391,25.4063,303.797,353.8584,-1.27631,-1.799521,0.1564805,-2.95566,3.136688,1.920531,0.3158593,0.3959914,0.6887832,339.9632,19.7169,21.60396,
9799.215,0.003984708,0.02263335,-0.09934308,0.3113616,-0.09493665,0.07004429,0.1627978,0.4850409,0.2558541,7.420936,350.8358,356.682,0.9568744,1.50756,1.128154,2.097847,-3.368673,2.226011,-0.1807994,0.0815228,0.5610435,23.15477,306.9854,355.6446,-1.234437,-1.732264,0.056225,-2.478995,3.380516,2.345801,0.3018922,0.3755466,0.6860122,342.2113,17.93897,19.0191,
9813.288,0.005260888,0.02042961,-0.09299834,0.297704,-0.07499604,0.03509847,0.1629387,0.4852532,0.2548315,7.208212,350.8711,356.7892,1.009002,1.483434,1.016289,2.115239,-3.349802,2.210343,-0.1664455,0.09860255,0.5693447,20.98639,310.0679,357.1393,-1.190422,-1.675286,-0.03571454,-2.416148,3.124138,2.746965,0.2873284,0.3558718,0.6823542,345.0721,16.40997,17.09619,
9827.207,0.006715767,0.02005339,-0.08599654,0.2992215,-0.06811575,0.02337551,0.1630521,0.4855721,0.253876,6.955768,350.9277,356.8459,1.053397,1.432586,0.9027374,2.077604,-3.332174,2.128755,-0.1519004,0.1142458,0.5763037,18.91106,312.996,358.2899,-1.176799,-1.625881,-0.09958264,-2.684352,2.811859,2.748992,0.2730639,0.3377662,0.6785089,347.9564,14.37338,16.08123,
9841.182,0.008606289,0.01982118,-0.07895587,0.3035061,-0.0741514,0.03511338,0.1631859,0.4858153,0.2530293,6.690794,350.9912,356.8477,1.091587,1.338738,0.7740422,1.962934,-3.293725,1.92487,-0.1370556,0.1278087,0.5815168,17.1444,315.7307,359.0574,-1.159442,-1.533118,-0.1659365,-2.784132,2.657278,2.542228,0.2596825,0.3217765,0.6739802,350.3357,12.20454,15.14606,
9854.841,0.01106682,0.01842772,-0.07202079,0.291317,-0.08307989,0.02338129,0.1634429,0.4859895,0.2522164,6.503948,351.0711,356.9229,1.113936,1.244891,0.6765807,1.812408,-3.223044,1.689608,-0.1226338,0.1401444,0.5863768,15.62456,318.2724,359.5819,-1.126626,-1.436141,-0.2113495,-2.521498,2.5344,2.36143,0.2472466,0.306494,0.6697767,352.0032,10.43264,13.86512,
9868.903,0.01428568,0.01573942,-0.06604507,0.2684452,-0.08486679,-0.004377296,0.1637672,0.4860704,0.2514877,6.361695,351.1453,357.0325,1.128332,1.112297,0.5764786,1.586596,-3.171441,1.29837,-0.1085176,0.1501513,0.5902194,14.67384,320.7292,359.7628,-1.056086,-1.307995,-0.2467687,-2.108603,2.103877,2.001542,0.235688,0.2923649,0.6653453,353.0325,9.480315,13.08083,
9882.968,0.01710613,0.0125437,-0.06050263,0.2374069,-0.0785911,-0.0178189,0.1640549,0.4861557,0.2508183,6.247447,351.2037,357.0894,1.121906,0.9667236,0.4857922,1.334352,-3.04546,0.8163117,-0.09532568,0.15868,0.5932969,14.30876,322.988,359.8094,-1.005677,-1.235386,-0.2571859,-2.166476,1.750443,1.714037,0.2244204,0.279352,0.6615933,354.7608,8.316853,12.71977,
9896.528,0.01883175,0.009157823,-0.0546145,0.1985246,-0.07184526,-0.003492309,0.1643221,0.4862132,0.2502127,6.144849,351.2297,357.0697,1.088702,0.8264322,0.3996017,1.22641,-2.741877,0.4012501,-0.08302291,0.1657655,0.5954065,14.21242,324.8905,0.2158698,-0.9423236,-1.144768,-0.2628575,-2.340924,1.520854,1.525295,0.2150743,0.2688442,0.6578087,356.8161,7.022761,12.3986,
9910.642,0.019908,0.007682798,-0.04990902,0.1591845,-0.06165793,0.02765047,0.1646021,0.4863497,0.2496629,6.060062,351.2464,356.9954,1.034571,0.7033972,0.3183009,1.132367,-2.370166,0.1508871,-0.07157889,0.1718348,0.5966743,14.09611,326.377,0.6968135,-0.8555773,-1.028449,-0.2711536,-2.241598,1.385074,1.676728,0.20755,0.2603092,0.6539703,358.5963,5.946632,11.1692,
9924.631,0.02086581,0.00698048,-0.04424038,0.142773,-0.05349953,0.06780026,0.1649054,0.4864492,0.2492705,5.912666,351.2484,356.9008,0.9645289,0.6031038,0.2440757,1.051127,-1.988731,0.07989992,-0.06107714,0.1771357,0.5973225,13.78127,327.4845,1.142122,-0.7551376,-0.8813354,-0.2743992,-1.78989,1.200643,1.914438,0.2007363,0.2535766,0.6501736,359.5874,5.377137,9.350564,
9938.376,0.02216763,0.006912732,-0.03830395,0.1374583,-0.04094101,0.08963744,0.1653035,0.4864896,0.2489002,5.784369,351.2316,356.855,0.8909137,0.5148959,0.1819632,1.063059,-1.650369,-0.01559378,-0.05156082,0.1815176,0.5976132,13.50914,328.503,1.820023,-0.6711116,-0.7305058,-0.2653135,-1.344456,1.08121,1.802748,0.1944569,0.2480626,0.6470783,-0.004971791,4.775135,8.11414,
9952.501,0.02286058,0.006472824,-0.03375335,0.1253042,-0.03574418,0.09795227,0.1656071,0.4865398,0.2485508,5.690154,351.2413,356.7875,0.8229771,0.4330367,0.1361892,1.10571,-1.452261,-0.2445036,-0.04317831,0.1852274,0.5978544,13.51923,329.7715,2.708609,-0.5948898,-0.5972159,-0.2421788,-1.101369,0.899556,1.287006,0.1889718,0.2441603,0.6447344,0.3357184,4.311291,8.059707,
9966.511,0.02284466,0.005457866,-0.02950577,0.101969,-0.03663766,0.1206209,0.1658995,0.4865288,0.2482077,5.60967,351.2458,356.659,0.752043,0.3677389,0.1032764,1.121629,-1.298106,-0.3530681,-0.03583883,0.1883638,0.598102,13.41803,330.9606,3.540292,-0.5082731,-0.4678104,-0.2150256,-0.9312213,0.6989914,0.8268042,0.1851663,0.2425231,0.6425822,0.6717398,4.04175,8.331326,
9980.448,0.02232627,0.004508466,-0.02735886,0.06488843,-0.0404087,0.1319329,0.1661858,0.4865957,0.2478426,5.600906,351.26,356.5325,0.6756132,0.3186564,0.0786598,0.9639612,-1.182948,-0.2068025,-0.02921827,0.1909971,0.5981156,13.02086,331.7914,3.760342,-0.3891089,-0.3095357,-0.1894703,-0.5496663,0.5483236,0.8477219,0.1839203,0.2427539,0.6406907,0.5370568,3.915701,7.618782,
9993.747,0.02170906,0.001877802,-0.02534108,0.04019507,-0.04561891,0.1288945,0.1664072,0.4865411,0.2475618,5.574606,351.2962,356.4549,0.6005991,0.2745261,0.05898573,0.6684037,-1.123035,0.02703156,-0.0233894,0.1932395,0.5981334,12.58007,332.382,3.380428,-0.2789199,-0.1830927,-0.1656376,-0.2012847,0.3272165,0.9858622,0.1830443,0.2430715,0.639186,0.2894207,4.098406,6.532102,
10007.72,0.02159798,4.180635E-05,-0.02421476,0.02508039,-0.04623184,0.09452143,0.1666959,0.4865263,0.2472365,5.577286,351.3298,356.4579,0.5257261,0.2327797,0.04290104,0.4037104,-1.071248,0.1911703,-0.01882315,0.1950613,0.598055,12.22816,332.9114,2.858254,-0.1884844,-0.08596951,-0.1382597,0.02011123,0.1074056,0.9539552,0.1821624,0.2439116,0.6381345,0.05767763,4.454823,5.759953,
10021.767,0.02180714,-0.000404658,-0.02331246,0.007183707,-0.05169231,0.06281573,0.1670171,0.4865897,0.2469515,5.597468,351.3831,356.4422,0.4424907,0.1958517,0.02730413,0.2779038,-0.8779615,0.2512448,-0.01546151,0.1964978,0.5978858,11.94596,333.1696,2.605205,-0.1287259,-0.01212033,-0.1104593,0.159525,-0.006257974,0.691106,0.1813021,0.2452232,0.6374609,359.7418,4.719048,5.600144,
10035.524,0.022243,0.0004414697,-0.02219699,0.005626183,-0.06578929,0.05369441,0.1673556,0.4866718,0.2467262,5.560011,351.4518,356.3944,0.3683319,0.1658365,0.01535413,0.2104213,-0.6579273,0.2265114,-0.01271554,0.1977459,0.5977199,11.79774,333.2711,2.539145,-0.09323534,0.04524471,-0.08309278,0.2228464,0.004405868,0.2884295,0.1807729,0.2470441,0.63715,359.3829,4.744398,6.020763,
10049.754,0.02247848,0.001299909,-0.0208454,0.01488542,-0.08544335,0.05074371,0.1676262,0.4866495,0.2465218,5.499612,351.5659,356.3606,0.2992058,0.1402194,0.008406825,0.1787902,-0.4575953,0.1879335,-0.01069757,0.1987704,0.5976991,11.68638,333.2646,2.56676,-0.06342314,0.093688,-0.05892936,0.3085693,0.05827389,-0.08181969,0.1809553,0.2491192,0.6370528,358.8604,4.640868,6.672434,
10063.687,0.02257592,0.00128572,-0.01995902,0.01877673,-0.1067149,0.04211514,0.1679755,0.4866216,0.2462308,5.476987,351.6627,356.3412,0.2204693,0.1038054,0.003810838,0.1274897,-0.2521976,0.0327068,-0.009729698,0.1992364,0.5976909,11.89431,333.159,2.758672,-0.02776373,0.127904,-0.03700859,0.3807154,0.06168557,-0.2794817,0.1817808,0.2511423,0.6371829,358.3311,4.62058,7.176604,
10077.473,0.02247255,0.0001345924,-0.02043705,0.007827016,-0.1178821,0.02800415,0.168245,0.4865105,0.2458997,5.49468,351.7762,356.3327,0.1661056,0.07272127,0.004233599,0.05153756,-0.1922313,-0.1519859,-0.009141235,0.199814,0.5978738,12.31525,333.3015,2.937145,0.01357794,0.1442041,-0.01631397,0.3798196,-0.01917671,-0.3176495,0.1830656,0.2530542,0.6375599,357.9943,4.803382,7.453593,
10091.625,0.02180109,-0.001944808,-0.02150986,-0.01860258,-0.1227007,0.01562281,0.1684986,0.4864204,0.2455932,5.557162,351.8781,356.3069,0.1220153,0.05651512,0.004639324,-0.0189458,-0.1345426,-0.2183455,-0.008892108,0.2005709,0.5980268,12.64325,333.3486,2.993833,0.04871313,0.1430189,0.0047644,0.2672964,-0.03948609,-0.2201629,0.1847716,0.2548118,0.638275,357.991,4.874175,7.45559,
10105.582,0.02033456,-0.00388451,-0.02226191,-0.03905,-0.1239942,0.0003858733,0.1687275,0.4864112,0.2453139,5.618375,351.981,356.3094,0.06362043,0.05211385,0.004595293,-0.06078303,-0.001397216,-0.1641338,-0.009458134,0.2014747,0.598221,12.76587,333.0945,2.962337,0.08637063,0.1347769,0.02581537,0.1523556,-0.07335581,-0.1079497,0.187026,0.2564776,0.6391661,358.1047,4.983427,7.360779,
10119.364,0.01928444,-0.00388042,-0.02251095,-0.03993319,-0.1162939,-0.003985895,0.1689651,0.4863966,0.2450438,5.623105,352.0589,356.3005,0.02403791,0.05658439,0.004098002,-0.09183888,0.0893539,-0.08363704,-0.01002942,0.2025384,0.5983533,12.79118,332.8091,2.860766,0.1205629,0.126323,0.04037351,0.1142947,-0.1325979,-0.01013145,0.18954,0.2579893,0.6400682,358.1378,5.194826,7.207982,
10133.54,0.01778447,-0.002691724,-0.02241303,-0.02581986,-0.1083365,-0.005643311,0.1691352,0.4864624,0.2447557,5.605682,352.123,356.2928,-0.01522809,0.06995205,0.005108197,-0.08293357,0.1615106,0.02704907,-0.01109341,0.2039518,0.5986115,12.64781,332.48,2.744446,0.1556361,0.1157676,0.05050324,0.120093,-0.2179547,0.06130486,0.1924998,0.259246,0.6407449,358.1097,5.52994,7.033428,
10147.436,0.0169045,-0.00114311,-0.02257033,-0.006859787,-0.08654825,-0.0121343,0.1693579,0.4864257,0.2444611,5.571131,352.1546,356.335,-0.05110003,0.08994259,0.006755883,-0.07123282,0.1883305,0.08873799,-0.01255853,0.2059003,0.5988428,12.51914,332.2216,2.653364,0.1884323,0.09678312,0.05854587,0.1149391,-0.3147191,0.1087693,0.1957166,0.2599138,0.641508,358.1095,5.960729,6.866742,
10161.361,0.01653306,-0.001289624,-0.02252534,0.02152411,-0.06155542,-0.0264088,0.1696034,0.4863497,0.2441394,5.526167,352.1665,356.3963,-0.07101829,0.1080595,0.01272376,-0.04094787,0.1425293,0.03843637,-0.0141949,0.2082296,0.5993847,12.55619,332.2141,2.709118,0.2117604,0.06826486,0.06443501,0.03937425,-0.3610245,0.1648423,0.1990233,0.2600462,0.6424331,358.2985,6.326246,6.674781,
10175.036,0.01623308,-0.0020773,-0.0232478,0.0268901,-0.0378704,-0.03594762,0.1698785,0.4862706,0.2437782,5.524545,352.1552,356.4483,-0.0956619,0.1370852,0.02049816,0.00840838,0.09842179,-0.07565169,-0.01659641,0.2114846,0.5999466,12.71813,332.3301,2.939544,0.2394051,0.01594949,0.07227999,-0.123486,-0.3755735,0.302678,0.2029831,0.2589968,0.6436735,358.8132,6.620647,6.290721,
10189.103,0.01605455,-0.003399055,-0.02346031,0.02603328,-0.01686197,-0.04118437,0.1701025,0.4862225,0.2434794,5.529984,352.1468,356.4875,-0.127297,0.1820388,0.03046631,0.09410922,0.08972374,-0.1497512,-0.01966067,0.2158446,0.6008457,12.80661,332.4373,3.289202,0.2599534,-0.0307301,0.07859527,-0.2614683,-0.3727524,0.4253458,0.2070641,0.2575447,0.6449769,359.4096,6.868818,5.851273,
10203.169,0.01626642,-0.002942574,-0.0231993,0.02292338,0.002667088,-0.03943985,0.1703363,0.4862268,0.2432013,5.513919,352.1233,356.5157,-0.167501,0.2480064,0.04217754,0.1250138,0.1118015,-0.05709912,-0.0232454,0.221552,0.6018888,12.63073,332.3372,3.393559,0.2844592,-0.09209818,0.08731204,-0.4349281,-0.3503984,0.5391034,0.2117709,0.2549254,0.6464931,0.2249956,7.029555,5.375899,
10216.633,0.01646652,-0.001890469,-0.02127502,0.04097769,0.01403336,-0.03362059,0.1705849,0.4862283,0.2429979,5.449103,352.0977,356.5492,-0.2077422,0.340105,0.06499092,0.03977595,-0.03297814,0.2095888,-0.02752271,0.2293451,0.6036353,12.15956,332.3685,2.876337,0.3181865,-0.1659676,0.09877017,-0.5919087,-0.3405153,0.5508131,0.2173701,0.2510756,0.6483348,1.099623,7.182035,5.090925,
10230.735,0.01703671,-0.0007742001,-0.01838201,0.05477934,0.01037752,-0.03672971,0.1708716,0.4862559,0.2428502,5.4046,352.1108,356.6053,-0.2634494,0.4629035,0.08870309,-0.1315678,-0.1970446,0.6256327,-0.03340283,0.2395457,0.6054623,11.35452,332.3423,1.745299,0.3544156,-0.2224819,0.1069842,-0.651688,-0.4134368,0.4313326,0.2232151,0.246697,0.650105,1.790802,7.566626,5.117333,
10244.81,0.01843047,0.000799567,-0.01501817,0.05765168,-0.01257893,-0.04721106,0.1711502,0.486278,0.242785,5.368979,352.1964,356.6749,-0.3522586,0.6196079,0.09467296,-0.1875409,-0.06572404,1.206481,-0.04086145,0.2521224,0.6067036,9.854168,331.6605,0.4735366,0.4137676,-0.3028516,0.122394,-0.7030262,-0.5571906,0.1117789,0.2304806,0.240365,0.6524962,2.374077,8.216633,5.751605,
10258.523,0.01982858,0.002510917,-0.01094964,0.05339983,-0.0488749,-0.0591136,0.1714467,0.4863588,0.2427617,5.348493,352.3094,356.7316,-0.4620489,0.7995281,0.08115767,-0.08620002,0.3040302,1.851038,-0.04967488,0.2667379,0.6073548,7.598004,330.3736,359.3398,0.4795807,-0.3853727,0.1404144,-0.822169,-0.7421329,-0.159805,0.2386112,0.2331036,0.6552171,3.133334,9.090684,6.577702,
10272.578,0.0208767,0.004383415,-0.007109664,0.03873489,-0.07313364,-0.06742311,0.1717398,0.4865051,0.2427808,5.366985,352.4091,356.786,-0.5682803,0.9843397,0.05415791,-0.04712956,0.6891395,2.482323,-0.05946855,0.2834226,0.6076705,4.901343,328.8301,358.0102,0.5580852,-0.4789356,0.1593198,-1.015568,-0.9483733,-0.3096052,0.2480962,0.2245486,0.6582236,4.203251,10.15651,7.404997,
10286.595,0.02226113,0.005423386,-0.003066679,0.02936721,-0.08214262,-0.08238078,0.1720856,0.4865685,0.2428958,5.372855,352.4985,356.881,-0.64794,1.141937,0.02219738,-0.08635828,1.044516,2.979678,-0.06953175,0.3013547,0.6076965,2.027157,327.1983,356.524,0.6481166,-0.576932,0.1733256,-1.210151,-1.168836,-0.3311566,0.2590171,0.2147349,0.6612431,5.506539,11.40032,8.095682,
10300.594,0.02292978,0.005956976,0.001942582,0.02332661,-0.08890346,-0.08442149,0.1724036,0.4866637,0.2431223,5.368563,352.5834,356.9266,-0.7222785,1.312496,-0.0210281,-0.1218614,1.385909,3.34562,-0.08056415,0.3219447,0.606907,358.9767,325.5071,355.0587,0.7439781,-0.6798247,0.1779285,-1.389385,-1.396158,-0.2171068,0.2712121,0.2034844,0.6640866,7.048479,12.78883,8.525454,
10314.297,0.02258263,0.00710745,0.007955067,0.01680047,-0.09520477,-0.04446778,0.1726231,0.4868383,0.2434511,5.345965,352.664,356.8581,-0.7814996,1.469391,-0.07312214,-0.02438637,1.645889,3.514437,-0.09250392,0.3441725,0.6052888,355.9251,323.9697,354.0408,0.8435833,-0.7827244,0.1722319,-1.550978,-1.683767,-0.09096838,0.2846638,0.1910902,0.6668102,8.78664,14.47235,8.87952,
10328.332,0.02116772,0.008706536,0.01401485,0.01753112,-0.1019544,0.01015402,0.1728334,0.4870321,0.2438651,5.282878,352.7318,356.7424,-0.837219,1.614542,-0.14788,0.1883038,2.071268,3.648606,-0.1047428,0.3674745,0.6023822,352.5797,321.9256,353.49,0.9427594,-0.8744478,0.1515632,-1.65273,-1.994169,-0.1770379,0.298838,0.1776141,0.6687025,10.36655,16.57785,9.660096,
10342.323,0.01920793,0.01019193,0.02174704,0.0295839,-0.10762,0.06152998,0.1730468,0.487214,0.2444232,5.200048,352.8008,356.6293,-0.875975,1.737365,-0.2307938,0.2809409,2.545262,3.747973,-0.1168013,0.3916876,0.5986719,349.1432,319.5632,352.8862,1.02474,-0.948873,0.1192908,-1.709768,-2.137566,-0.5296515,0.3133824,0.1632536,0.6699628,11.49602,18.77275,11.18552,
10355.999,0.01750424,0.01141693,0.0286773,0.03386941,-0.1135952,0.09225549,0.1732156,0.4874289,0.2450371,5.141963,352.8817,356.5173,-0.8899554,1.837139,-0.3166387,0.2416095,3.030322,3.803397,-0.1283309,0.4167035,0.594077,345.6563,317.0039,352.0562,1.090347,-1.01134,0.08092448,-1.809884,-2.109807,-1.042353,0.3285386,0.1479976,0.6705837,12.24314,20.92752,13.48481,
10370.109,0.01576627,0.01240743,0.03652134,0.02498406,-0.1132271,0.108911,0.1733766,0.4875762,0.2457544,5.113434,352.9397,356.4127,-0.8814589,1.908795,-0.3950135,0.2013189,3.308891,3.694982,-0.139607,0.4422013,0.5886284,342.4378,314.6606,351.3227,1.147307,-1.066566,0.03576228,-1.964572,-2.005698,-1.54253,0.3443944,0.1320599,0.670247,12.75524,23.04578,16.31561,
10384.13,0.01407491,0.01225853,0.04400139,0.01619335,-0.1111949,0.1179641,0.1734852,0.4877454,0.2466009,5.094397,353.0092,356.3045,-0.867592,1.95258,-0.4689439,0.2999261,3.36085,3.421003,-0.1510514,0.4678725,0.58218,339.6769,312.4563,351.1395,1.217615,-1.134916,-0.0314742,-2.137189,-2.010475,-1.726719,0.3619604,0.1150082,0.6683844,13.55515,25.23271,18.93864,
10397.723,0.01275932,0.01195454,0.05157082,0.006546201,-0.1108862,0.120883,0.1736269,0.4878642,0.2475795,5.065039,353.0801,356.2038,-0.8566716,1.976504,-0.5453431,0.4965559,3.357501,3.122333,-0.1624725,0.4935648,0.5747581,337.1918,310.0728,351.4658,1.282253,-1.204953,-0.1118195,-2.220184,-2.215791,-1.439531,0.3800188,0.09756077,0.6653955,15.0675,27.53351,20.68158,
10411.884,0.01090514,0.01180328,0.0596666,-0.0001180344,-0.1226209,0.1224361,0.1736915,0.4881006,0.2486561,5.054452,353.1831,356.092,-0.8489378,1.983938,-0.6280604,0.7345733,3.436975,2.840526,-0.1735971,0.5191011,0.5662895,334.9002,307.2147,352.1438,1.338642,-1.283899,-0.2080556,-2.307121,-2.52175,-0.9277023,0.3987598,0.07935094,0.6611409,17.36502,29.87006,21.92493,
10425.842,0.00871674,0.01281428,0.067633,-0.004779869,-0.1420175,0.1289203,0.173709,0.4883272,0.2498662,5.020059,353.3198,355.9649,-0.8358952,1.977736,-0.71446,0.9385373,3.567493,2.626474,-0.1843118,0.5442958,0.5568244,332.6597,304.0198,353.002,1.385267,-1.35258,-0.3144794,-2.396896,-2.864289,-0.5310103,0.4177442,0.06097284,0.6556514,19.98779,32.44255,23.21515,
10439.695,0.006716274,0.01309536,0.07575108,0.0007932224,-0.1649985,0.1321029,0.1737196,0.4884923,0.2511789,4.967789,353.4746,355.847,-0.8138705,1.957713,-0.7927172,1.06029,3.645508,2.416054,-0.1945591,0.5690281,0.5465634,330.5964,300.7826,353.8905,1.421369,-1.385602,-0.4249218,-2.443186,-3.032834,-0.4960255,0.436817,0.04281203,0.6485103,22.06563,35.23701,24.98446,
10453.533,0.005351229,0.01319367,0.08283522,-0.005452654,-0.1858729,0.1255193,0.1737816,0.4886735,0.2525125,4.962627,353.6384,355.7501,-0.7869667,1.922251,-0.8688794,1.166748,3.697555,2.23921,-0.2045617,0.5928682,0.5352812,328.66,297.4148,354.937,1.449631,-1.381528,-0.539241,-2.49584,-3.022183,-0.7526864,0.4556022,0.02509676,0.6395915,23.34754,38.31132,27.38007,
10467.456,0.004183657,0.0126851,0.0894675,-0.01810162,-0.2041622,0.1054155,0.1738587,0.488796,0.2539549,4.97105,353.8136,355.6942,-0.7618742,1.876277,-0.929461,1.237667,3.718036,2.045548,-0.2143133,0.6158376,0.5237242,326.9512,293.989,356.0105,1.466252,-1.359652,-0.658285,-2.535788,-2.987805,-0.984042,0.4743807,0.007830799,0.6290774,24.34065,41.51501,29.9446,
10481.396,0.003583383,0.01162867,0.09599679,-0.02622203,-0.2170347,0.0830963,0.1738903,0.4889669,0.2554707,4.985545,354.0098,355.6369,-0.7319101,1.804255,-0.9983173,1.304538,3.743449,1.780592,-0.2238071,0.6378781,0.5108284,325.5911,290.4903,356.9316,1.463964,-1.33956,-0.7811913,-2.470091,-3.057445,-1.008646,0.4926925,-0.009260517,0.6169736,25.58504,44.72831,32.15228,
10495.208,0.002646178,0.01164713,0.1019482,-0.03039952,-0.2386437,0.0795451,0.1738966,0.4891771,0.2570911,4.973517,354.2235,355.5451,-0.7020357,1.745686,-1.051658,1.36297,3.905865,1.628391,-0.2329855,0.6588526,0.4980684,324.016,286.639,357.8911,1.433381,-1.3255,-0.9013665,-2.32062,-3.14666,-0.8343135,0.5102481,-0.02605209,0.6034017,27.25309,47.66068,33.9692,
10509.381,0.002257362,0.01279506,0.108405,-0.01989666,-0.2616077,0.07406963,0.1739131,0.4894407,0.2588353,4.924415,354.463,355.4802,-0.6629038,1.675792,-1.104656,1.402198,4.201522,1.4001,-0.2417656,0.678661,0.4848039,322.3631,282.576,358.3827,1.378464,-1.311467,-1.013549,-2.195287,-3.182375,-0.6128951,0.5266412,-0.04257589,0.5885171,29.10093,50.35943,35.76069,
10523.53,0.002274189,0.01479024,0.1153101,0.01050402,-0.2784203,0.06344952,0.1739189,0.4896837,0.2606293,4.824726,354.7002,355.4495,-0.6195731,1.588946,-1.153735,1.503891,4.516363,1.06814,-0.2503388,0.6971369,0.4707595,320.8033,278.4897,358.2973,1.296428,-1.290447,-1.128788,-2.174646,-3.138792,-0.3607005,0.5417416,-0.05848436,0.5719645,31.03741,52.83909,37.84992,
10537.487,0.002408806,0.01689265,0.1216131,0.04306631,-0.2750774,0.04311467,0.1739981,0.4899682,0.2625163,4.721807,354.8926,355.4627,-0.5816646,1.506453,-1.190501,1.660015,4.687018,0.8116235,-0.2587067,0.7145516,0.4564087,319.3618,274.4699,358.1374,1.224899,-1.246608,-1.222318,-2.261712,-2.969055,-0.3243577,0.556056,-0.0733242,0.5546121,32.34968,55.50116,40.42114,
10551.328,0.002412725,0.02074746,0.1278465,0.06974047,-0.2657155,0.03335101,0.1740744,0.4904406,0.2644466,4.606271,355.0681,355.4395,-0.5537688,1.439515,-1.211918,1.819536,4.692486,0.6577058,-0.2668056,0.7311096,0.4418713,318.1007,270.6072,357.9787,1.171628,-1.191514,-1.302938,-2.41194,-2.86451,-0.4640437,0.5696216,-0.08731057,0.53671,33.18961,58.70043,43.40462,
10565.22,0.002429385,0.02434779,0.1344484,0.1106497,-0.2584196,0.05079839,0.1740626,0.4908217,0.2665608,4.41129,355.2433,355.3683,-0.5258408,1.325653,-1.246722,2.093263,4.583387,0.413024,-0.274729,0.7455898,0.425795,317.342,267.2179,357.0255,1.087517,-1.121194,-1.403654,-2.478869,-2.968778,-0.5670276,0.5810263,-0.09999105,0.5174499,34.24621,62.32659,46.48899,
10578.954,0.00257862,0.02629232,0.1405116,0.1418945,-0.2358806,0.05364996,0.1740894,0.4911468,0.2686653,4.240816,355.3651,355.3558,-0.5048066,1.235773,-1.28548,2.383859,4.427255,0.4319479,-0.2821431,0.7595516,0.4090259,316.8595,263.5339,356.5086,0.998778,-1.066911,-1.455989,-2.258629,-3.055514,-0.5424519,0.5916866,-0.111958,0.4989863,35.70061,65.46307,48.8654,
10593.187,0.002822999,0.02599023,0.1456763,0.152171,-0.1995594,0.03949527,0.1741975,0.4914328,0.2708281,4.113084,355.439,355.3761,-0.4768115,1.129076,-1.352286,2.650983,4.219392,0.6837461,-0.2887757,0.7719225,0.3907,316.8355,259.4412,356.5397,0.880584,-0.9980271,-1.486955,-1.877554,-3.078751,-0.4702227,0.6003934,-0.1224532,0.4802197,37.41566,68.06464,50.59864,
10607.218,0.003249761,0.02420514,0.1496336,0.1447826,-0.1650831,0.0409895,0.1743261,0.4917536,0.2729895,4.019888,355.4928,355.3344,-0.4294661,1.02627,-1.424526,2.722243,4.040039,1.063999,-0.2941384,0.7829606,0.3716165,316.8551,255.0457,357.2084,0.7486155,-0.9061038,-1.486722,-1.495939,-2.889269,-0.3903604,0.6076229,-0.1314573,0.4617177,38.86307,70.00861,51.87405,
10621.216,0.003992464,0.02137509,0.152154,0.1292925,-0.1402062,0.04806916,0.1743647,0.4919232,0.2751366,3.925895,355.5688,355.2801,-0.3751631,0.9247923,-1.481178,2.64898,3.770998,1.4037,-0.2987004,0.7929666,0.352264,317.1427,250.9279,358.0512,0.6544252,-0.8128777,-1.46805,-1.41115,-2.566996,-0.3753818,0.614172,-0.13966,0.4438564,39.58659,72.06168,53.59812,
10634.976,0.004697554,0.01718804,0.1525008,0.1002393,-0.1212833,0.05146968,0.1744252,0.4920203,0.2771659,3.902059,355.6274,355.242,-0.3125652,0.8249273,-1.520821,2.50197,3.548427,1.693123,-0.3022606,0.8016847,0.3328145,317.5614,246.913,358.9802,0.5895845,-0.7320904,-1.44623,-1.467241,-2.254381,-0.3906924,0.6203695,-0.1473638,0.4264355,39.85789,74.23602,55.5821,
10649.139,0.006000374,0.01369,0.1510973,0.06333126,-0.09939291,0.03296467,0.1745719,0.4921388,0.2791301,3.922918,355.6644,355.2626,-0.2362052,0.7290711,-1.538962,2.352943,3.500585,1.915178,-0.304556,0.8090644,0.3140688,317.8344,242.7197,359.8882,0.521991,-0.6374837,-1.418488,-1.691147,-2.045318,-0.4664118,0.6252115,-0.1539111,0.409761,39.70374,76.91976,58.06622,
10663.137,0.008115225,0.009952394,0.1481517,0.0373775,-0.06205361,-0.008546609,0.1747615,0.4922239,0.2810524,3.945626,355.6518,355.3484,-0.1606416,0.6315314,-1.527696,2.116539,3.356362,2.086092,-0.305821,0.8153411,0.2962821,318.2884,238.8275,0.8761991,0.4442307,-0.5627193,-1.376265,-1.622265,-2.03574,-0.6477851,0.6290265,-0.1596247,0.3943439,40.03846,79.70264,59.99736,
10676.814,0.00976963,0.006932021,0.1443177,0.02545473,-0.01386905,-0.04361603,0.1749334,0.4922062,0.2829176,3.946663,355.5891,355.4473,-0.1024986,0.5306547,-1.483057,1.644381,2.863863,2.187022,-0.3063479,0.8204437,0.2795837,319.2581,235.9646,2.172144,0.3755296,-0.510422,-1.325481,-1.358412,-1.98912,-0.857487,0.6322633,-0.164766,0.379663,40.61283,82.11588,61.15747,
10690.982,0.00982878,0.004160075,0.1389267,0.01170769,0.02444818,-0.0519517,0.1750059,0.4921306,0.2846302,3.96915,355.5247,355.4758,-0.0635727,0.4253095,-1.407968,0.9966959,2.101142,2.220897,-0.3064514,0.824469,0.2641459,320.7216,234.3463,3.74979,0.2934332,-0.4521842,-1.23988,-0.9999121,-1.838792,-1.004976,0.6343344,-0.1689658,0.3667678,41.29726,83.88868,61.58517,
10704.862,0.008804213,-0.0006193293,0.1314498,-0.02139347,0.05147744,-0.03487177,0.1750623,0.4919129,0.2861742,4.06749,355.4466,355.4425,-0.03247941,0.3278135,-1.305686,0.3951011,1.406463,2.244981,-0.3063608,0.8279345,0.2508592,322.3717,233.3365,5.445361,0.2270901,-0.3887587,-1.133702,-0.7781174,-1.488912,-0.9889287,0.6358224,-0.1725299,0.3551768,41.50673,84.93553,61.73331,
